131.43580627441406
53.28269958496094
45.00414276123047
39.97596740722656
37.022151947021484
35.97185134887695
34.19507598876953
33.89027404785156
32.83811950683594
31.90974235534668
31.422428131103516
30.569934844970703
30.296478271484375
29.84193992614746
30.11068344116211
29.045244216918945
28.644054412841797
28.35209846496582
27.914329528808594
27.702375411987305
27.42771339416504
26.866859436035156
25.513914108276367
25.311555862426758
24.09716796875
23.61197280883789
22.152080535888672
21.443397521972656
21.38959503173828
20.88346290588379
20.03235626220703
19.884183883666992
19.119464874267578
19.519739151000977
18.807897567749023
18.341129302978516
17.935319900512695
18.4910945892334
17.87997817993164
17.429859161376953
17.150165557861328
16.967512130737305
16.90846061706543
16.963970184326172
17.553325653076172
16.86876678466797
17.00727653503418
17.052398681640625
16.664100646972656
17.407752990722656
16.283464431762695
16.080259323120117
16.45525550842285
16.143770217895508
16.185955047607422
15.838909149169922
15.935494422912598
15.755683898925781
16.21647834777832
15.931501388549805
16.013307571411133
15.601055145263672
16.20326042175293
16.207019805908203
16.178455352783203
15.62173080444336
15.539132118225098
15.790534019470215
15.685647010803223
16.0058536529541
15.239471435546875
15.22566032409668
15.481141090393066
15.72983455657959
15.610657691955566
15.653003692626953
15.486612319946289
15.310750007629395
15.091466903686523
15.409804344177246
15.186299324035645
14.89388370513916
15.750219345092773
15.527436256408691
14.998960494995117
14.822986602783203
14.879242897033691
15.336210250854492
14.905755996704102
14.945255279541016
14.901683807373047
14.813790321350098
14.607202529907227
15.319141387939453
14.78602123260498
14.639640808105469
14.734044075012207
14.849565505981445
14.725707054138184
14.827787399291992
15.304227828979492
14.936795234680176
15.063965797424316
14.677833557128906
14.623468399047852
14.546307563781738
14.490509033203125
14.698673248291016
14.783228874206543
14.684700965881348
14.71439266204834
14.72850227355957
14.583783149719238
14.450081825256348
14.232071876525879
14.507415771484375
14.426549911499023
14.68730640411377
14.606369972229004
14.447498321533203
14.261946678161621
14.510149002075195
14.62748908996582
14.908940315246582
14.513020515441895
14.430020332336426
14.304098129272461
14.52387523651123
14.15507984161377
14.6375150680542
14.53316593170166
14.595418930053711
14.387639045715332
14.242408752441406
14.284133911132812
14.072684288024902
14.400525093078613
14.270051956176758
13.862133026123047
14.129009246826172
14.400762557983398
13.906514167785645
14.656211853027344
14.109306335449219
14.641993522644043
14.252306938171387
14.209007263183594
14.089264869689941
14.363027572631836
13.931649208068848
14.28523063659668
14.120284080505371
14.023164749145508
13.858402252197266
14.096012115478516
14.423402786254883
13.812254905700684
14.215465545654297
13.955944061279297
14.051626205444336
14.054996490478516
13.87386703491211
14.082625389099121
14.386421203613281
14.144125938415527
14.016901016235352
13.994264602661133
14.009407043457031
13.683072090148926
14.09911060333252
13.933877944946289
13.51384162902832
14.041967391967773
14.298502922058105
13.884724617004395
13.741267204284668
13.879273414611816
13.815284729003906
14.256986618041992
14.062819480895996
14.068873405456543
13.759777069091797
14.048935890197754
13.95334529876709
13.973433494567871
14.072428703308105
13.854764938354492
13.907913208007812
13.928692817687988
13.747536659240723
13.700993537902832
13.75141716003418
14.147501945495605
13.788407325744629
13.737582206726074
13.959954261779785
13.761706352233887
13.742263793945312
14.028210639953613
14.11488151550293
14.001409530639648
14.21869945526123
13.586203575134277
13.641839981079102
13.633984565734863
13.917961120605469
13.62777042388916
13.780394554138184
13.735328674316406
13.606128692626953
13.677722930908203
13.701336860656738
13.728666305541992
13.733367919921875
13.769927978515625
13.727438926696777
13.552938461303711
13.601208686828613
13.843181610107422
13.49722957611084
13.521795272827148
13.582035064697266
13.65672492980957
13.762558937072754
13.555914878845215
13.5450439453125
13.519871711730957
13.758018493652344
13.589112281799316
13.474398612976074
13.838720321655273
13.895798683166504
13.5708646774292
13.79786205291748
13.375677108764648
13.50247573852539
13.67523193359375
13.683398246765137
13.88292407989502
13.734713554382324
13.469223976135254
13.625782012939453
13.584554672241211
13.62529468536377
13.729278564453125
13.3095064163208
13.72101879119873
13.55068302154541
13.361490249633789
13.416459083557129
13.635619163513184
13.43606948852539
13.56888484954834
13.161040306091309
13.271283149719238
13.395585060119629
13.470697402954102
13.523910522460938
13.311994552612305
13.716655731201172
13.385502815246582
13.455986976623535
13.394271850585938
13.406614303588867
13.3203125
13.263169288635254
13.088783264160156
13.151219367980957
13.42418384552002
13.583780288696289
13.431373596191406
13.401765823364258
13.515265464782715
13.1574068069458
13.223146438598633
13.624261856079102
13.325522422790527
13.25560474395752
13.309798240661621
13.380059242248535
13.451675415039062
13.04226016998291
13.069153785705566
13.047587394714355
13.147905349731445
13.0635404586792
13.065655708312988
12.995809555053711
12.816315650939941
13.039605140686035
13.245438575744629
13.096062660217285
13.124184608459473
13.216570854187012
12.880709648132324
13.215887069702148
12.841224670410156
12.874913215637207
12.848908424377441
13.245460510253906
13.241756439208984
12.614055633544922
12.878471374511719
13.152750015258789
13.040472030639648
12.997281074523926
12.941288948059082
12.714383125305176
12.818045616149902
12.801422119140625
12.786834716796875
13.044378280639648
12.810090065002441
12.471643447875977
12.604426383972168
12.668136596679688
13.154515266418457
12.542044639587402
12.876812934875488
12.829880714416504
12.58278751373291
12.537629127502441
12.237303733825684
12.554888725280762
12.31176471710205
12.777031898498535
12.40384578704834
12.439849853515625
12.59504222869873
12.690153121948242
12.384702682495117
12.557921409606934
12.35489273071289
12.355649948120117
12.392169952392578
12.209772109985352
12.407678604125977
12.132120132446289
12.323326110839844
12.442228317260742
12.248774528503418
12.1853609085083
12.1039400100708
12.187403678894043
12.18526554107666
12.08181381225586
12.34320068359375
12.099764823913574
12.037774085998535
11.94580078125
12.200224876403809
11.961421012878418
12.007730484008789
11.87212085723877
12.169503211975098
11.827454566955566
11.950141906738281
11.762690544128418
11.832356452941895
11.752514839172363
12.00331974029541
11.903675079345703
11.488747596740723
11.409453392028809
11.471794128417969
11.47384262084961
11.697026252746582
11.676440238952637
11.468212127685547
11.577593803405762
11.179132461547852
11.543523788452148
11.455029487609863
11.231961250305176
11.192272186279297
11.232338905334473
11.219877243041992
11.170564651489258
11.030472755432129
11.035589218139648
11.058302879333496
10.705598831176758
11.282992362976074
10.980327606201172
10.894984245300293
10.796316146850586
11.23095989227295
10.746149063110352
11.097278594970703
10.812065124511719
10.904589653015137
11.0801362991333
10.975221633911133
11.076248168945312
11.101951599121094
10.841955184936523
10.863127708435059
10.643640518188477
10.744497299194336
10.59693431854248
10.66169548034668
10.298989295959473
10.5215425491333
10.641386985778809
10.516305923461914
10.339153289794922
10.614813804626465
10.402141571044922
10.698946952819824
10.444734573364258
10.330723762512207
10.353606224060059
10.441452980041504
10.26462173461914
10.587884902954102
10.123668670654297
10.158276557922363
10.181303977966309
10.369194030761719
10.127151489257812
9.997626304626465
10.330785751342773
10.35541820526123
10.273966789245605
10.284537315368652
10.047636985778809
10.094057083129883
9.74008560180664
10.077770233154297
10.010149955749512
9.799959182739258
9.816442489624023
10.410085678100586
10.299893379211426
9.935445785522461
9.949236869812012
9.816756248474121
9.960197448730469
9.75631046295166
9.801944732666016
9.82887077331543
9.76366138458252
9.820328712463379
10.019765853881836
9.895101547241211
9.985136032104492
10.035699844360352
9.754810333251953
9.524740219116211
9.536649703979492
9.4603910446167
10.074320793151855
9.771145820617676
9.758049964904785
9.646175384521484
9.730960845947266
9.411989212036133
9.451769828796387
9.879246711730957
9.619564056396484
9.435108184814453
9.601490020751953
9.7539701461792
9.40157413482666
9.357401847839355
9.605123519897461
9.609649658203125
9.419428825378418
9.200298309326172
8.935202598571777
9.56718635559082
9.068562507629395
9.303618431091309
9.332054138183594
9.068819046020508
9.25043773651123
9.17663860321045
9.114191055297852
9.31530475616455
9.037946701049805
9.09367561340332
8.960060119628906
8.979766845703125
9.1196928024292
9.419002532958984
9.255631446838379
9.021985054016113
8.99570083618164
9.252815246582031
9.051484107971191
9.135628700256348
9.033002853393555
8.8015718460083
8.966265678405762
9.127312660217285
8.997797012329102
8.943740844726562
8.92957878112793
8.997477531433105
8.875314712524414
9.2413911819458
8.774035453796387
9.037004470825195
8.956174850463867
8.743942260742188
8.826143264770508
8.798036575317383
8.78078842163086
8.845315933227539
8.877168655395508
8.820396423339844
8.71848201751709
8.68398380279541
8.634366035461426
8.743467330932617
8.678751945495605
8.336999893188477
8.748762130737305
8.663771629333496
8.664050102233887
8.675859451293945
8.703022003173828
8.687457084655762
8.7511568069458
8.208064079284668
8.809643745422363
8.447101593017578
8.649076461791992
8.608209609985352
8.460577964782715
8.604764938354492
8.573423385620117
8.68671989440918
8.299002647399902
8.691304206848145
8.168879508972168
8.375330924987793
8.203311920166016
8.66240406036377
8.334031105041504
8.54448127746582
8.391517639160156
8.396448135375977
8.450125694274902
8.448227882385254
8.215938568115234
8.359319686889648
8.533210754394531
8.344972610473633
8.41594123840332
8.324117660522461
8.516984939575195
7.926487445831299
8.267891883850098
8.304606437683105
8.523693084716797
8.407221794128418
8.262539863586426
8.181713104248047
8.286827087402344
7.936911106109619
8.15279483795166
8.344318389892578
8.043609619140625
8.10681438446045
8.31583023071289
8.474839210510254
7.95460844039917
8.197689056396484
8.026339530944824
8.163128852844238
8.014178276062012
8.132664680480957
8.095766067504883
7.943748950958252
7.828414440155029
8.13965129852295
8.104215621948242
7.9796552658081055
7.941957473754883
7.94939661026001
8.17916202545166
8.02634334564209
8.033102035522461
7.842004776000977
8.097967147827148
8.123991966247559
7.925933837890625
7.797251224517822
7.8406195640563965
7.940957546234131
7.884200572967529
7.96064567565918
7.626183986663818
7.8983659744262695
7.895257472991943
7.941464900970459
7.9232072830200195
7.763736724853516
7.91386604309082
7.964256286621094
7.853146553039551
7.769706726074219
7.76983642578125
7.667999267578125
7.73673677444458
7.689147472381592
7.813582897186279
7.708663463592529
7.654294490814209
7.815893173217773
7.542513370513916
7.537352561950684
7.811472415924072
7.453059196472168
7.610898971557617
7.250553131103516
7.5925140380859375
7.416317462921143
7.64434814453125
7.477940559387207
7.418603897094727
7.580178737640381
7.762866973876953
7.561138153076172
7.452913284301758
7.212793350219727
7.564210414886475
7.494748592376709
7.635637283325195
7.467442989349365
7.428694248199463
7.49779748916626
7.164725303649902
7.251694202423096
7.385591506958008
7.268401145935059
7.633251190185547
7.210500717163086
7.302491188049316
7.261205196380615
7.358589172363281
7.35136079788208
6.992216110229492
7.545065879821777
7.556574821472168
7.109254837036133
7.322159290313721
6.9963555335998535
7.6015706062316895
7.217771053314209
7.190340995788574
7.369034290313721
7.037426471710205
7.409753322601318
7.051911354064941
7.285648822784424
7.2691473960876465
7.157375335693359
7.278028964996338
7.005484104156494
7.485301971435547
7.212384223937988
7.316169738769531
6.892138481140137
7.057518005371094
7.485342979431152
7.211747169494629
7.206398010253906
7.291586399078369
7.267312049865723
7.003500938415527
7.095876216888428
7.051434516906738
7.4647393226623535
7.190379619598389
7.139817237854004
7.015471935272217
7.209906578063965
7.217309951782227
6.90214204788208
6.842003345489502
6.910597801208496
7.102931976318359
6.83693265914917
6.979436874389648
6.8225626945495605
7.0365800857543945
7.131072044372559
6.992010116577148
7.142036437988281
6.678344249725342
6.938169479370117
6.879233360290527
6.918262481689453
6.8229756355285645
6.903777122497559
7.074195861816406
7.028463363647461
6.598348140716553
7.156737804412842
6.7343244552612305
6.824795722961426
6.699868679046631
6.729251861572266
6.980578422546387
6.597283363342285
6.804085731506348
6.8897857666015625
6.98625373840332
7.104074954986572
6.852161407470703
6.925756454467773
7.028476715087891
6.885738849639893
6.739487648010254
7.062755584716797
6.573566436767578
6.755000591278076
6.62456750869751
6.721467971801758
6.713659286499023
6.776710033416748
6.931821823120117
6.674387454986572
6.773467063903809
6.536759376525879
6.694269180297852
6.832756996154785
6.682480812072754
6.603139400482178
6.85368013381958
6.579524517059326
6.664050102233887
6.757923126220703
6.836253643035889
6.715521335601807
6.597658634185791
7.026875019073486
6.879590034484863
6.563083648681641
6.50447416305542
6.6500959396362305
6.541346073150635
6.570443630218506
6.5340986251831055
6.591037750244141
6.567075729370117
6.720922470092773
6.486675262451172
6.321131229400635
6.559085369110107
6.381577014923096
6.5862603187561035
6.649716854095459
6.551921367645264
6.74074649810791
6.5584025382995605
6.463541030883789
6.308878421783447
6.53103494644165
6.654212951660156
6.411072254180908
6.368281841278076
6.469737529754639
6.375518321990967
6.403079986572266
6.225295543670654
6.418842315673828
6.661191940307617
6.40692138671875
6.707029342651367
6.6796183586120605
6.5880818367004395
6.450003623962402
6.182775974273682
6.574451923370361
6.405473232269287
6.627980709075928
6.514318943023682
6.4757490158081055
6.609093189239502
6.410583019256592
6.334714889526367
6.450329303741455
6.330721855163574
6.308276176452637
6.454578399658203
6.276464939117432
6.219714164733887
6.150527000427246
6.200036525726318
6.138230800628662
6.137148857116699
6.110946178436279
6.2403130531311035
5.87169885635376
5.950122833251953
6.409543514251709
6.4926252365112305
6.178028106689453
6.35731840133667
6.2379069328308105
6.354067802429199
6.16163444519043
6.523453235626221
6.156429767608643
6.389434337615967
6.310999870300293
6.247635364532471
6.093965530395508
6.171300411224365
6.102087497711182
6.203864574432373
6.269735336303711
5.939140796661377
6.103643894195557
6.362321376800537
6.112034320831299
6.178586483001709
6.021446704864502
6.093059539794922
6.506141662597656
6.052676200866699
6.1906657218933105
6.2655181884765625
6.024083614349365
6.153263092041016
6.229119300842285
6.326994895935059
6.125398635864258
6.057455539703369
6.042665958404541
5.9908294677734375
6.208909511566162
5.997560977935791
6.031788349151611
6.135729789733887
5.9481024742126465
6.013689994812012
5.872683525085449
5.953390598297119
6.040754318237305
6.232310771942139
6.182684421539307
5.9482269287109375
5.944472789764404
6.015997409820557
6.187881946563721
6.016046047210693
5.951386451721191
6.064639568328857
6.004505157470703
5.950121879577637
5.977768421173096
6.390042304992676
6.116254806518555
5.942451000213623
6.131011962890625
5.993165969848633
5.970804691314697
6.201719760894775
5.9631757736206055
5.846213340759277
5.960396766662598
5.697136402130127
5.847582817077637
5.762827396392822
5.773928642272949
6.0498785972595215
5.821789741516113
6.037492275238037
5.989602088928223
6.040947437286377
5.939582824707031
5.8917741775512695
5.998223781585693
6.028389930725098
5.774590492248535
5.861326217651367
5.944212436676025
5.921085834503174
5.718075752258301
5.856722831726074
5.976876735687256
5.943768501281738
5.898674488067627
5.909101486206055
5.610171794891357
5.796811580657959
5.94542121887207
5.704612731933594
5.717066764831543
5.872597694396973
5.734782695770264
5.752877712249756
5.8098649978637695
5.79733943939209
5.841894626617432
5.754145622253418
5.900183200836182
5.759821891784668
5.783121585845947
6.012365818023682
5.856491565704346
5.906581401824951
5.792680263519287
5.751343727111816
5.84947395324707
5.727893829345703
5.77136754989624
5.613639831542969
5.503172397613525
5.745562553405762
5.629772663116455
5.592496395111084
6.028970241546631
5.745617389678955
5.63602876663208
5.594058513641357
5.632063865661621
5.712855339050293
5.643801212310791
5.808428764343262
5.760717391967773
5.685885906219482
5.480826377868652
5.641443252563477
5.6821136474609375
5.565223217010498
5.687689781188965
5.543393135070801
5.586203098297119
5.865145206451416
5.621597766876221
5.705826759338379
5.55856990814209
5.78346586227417
5.743426322937012
5.566512107849121
5.584578514099121
5.53834342956543
5.680343151092529
5.7127509117126465
5.528630256652832
5.563539028167725
5.557894706726074
5.576979160308838
5.800827503204346
5.518631458282471
5.59104585647583
5.493121147155762
5.6996049880981445
5.663389205932617
5.75163459777832
5.856049537658691
5.4998087882995605
5.469452381134033
5.646013259887695
5.491028308868408
5.593021869659424
5.5169172286987305
5.464651107788086
5.6618218421936035
5.48306941986084
5.293824195861816
5.562963485717773
5.866243839263916
5.459734916687012
5.356569290161133
5.591030120849609
5.623558044433594
5.6252570152282715
5.484271049499512
5.591047763824463
5.583383560180664
5.611987113952637
5.386214256286621
5.6145853996276855
5.459503173828125
5.298833847045898
5.375474452972412
5.566984176635742
5.479423522949219
5.451897621154785
5.617372035980225
5.532338619232178
5.513197898864746
5.581729888916016
5.46101713180542
5.4313645362854
5.5699462890625
5.316675662994385
5.378060817718506
5.449894428253174
5.232163429260254
5.488441467285156
5.727289199829102
5.441652774810791
5.41719913482666
5.34583854675293
5.650015354156494
5.445988655090332
5.2723002433776855
5.618024826049805
5.378584861755371
5.383240222930908
5.457333087921143
5.633235931396484
5.619226455688477
5.190936088562012
5.4971818923950195
5.352742671966553
5.5480804443359375
5.306420803070068
5.6355881690979
5.361955642700195
5.2194342613220215
5.361438751220703
5.480363845825195
5.368377208709717
5.344857215881348
5.3341240882873535
5.360043048858643
5.3673858642578125
5.303012371063232
5.513400554656982
5.299222946166992
5.330582141876221
5.291964530944824
5.337923526763916
5.329041004180908
5.2233734130859375
5.382728099822998
5.128140449523926
5.148797512054443
5.239176273345947
5.434161186218262
5.38522481918335
5.376728057861328
5.397021770477295
5.365142345428467
5.4211320877075195
5.299499034881592
5.242408752441406
5.386555194854736
5.382577896118164
5.3825178146362305
5.273629665374756
5.19949197769165
5.2552666664123535
5.21343994140625
5.246881008148193
5.467123508453369
5.578044891357422
5.46327543258667
5.196865081787109
5.2733473777771
5.226642608642578
5.240323066711426
5.239606857299805
5.475738048553467
5.315291881561279
5.274518013000488
5.1566643714904785
5.025391101837158
5.0340399742126465
5.380812644958496
5.311890125274658
5.357851982116699
5.305944442749023
5.1886796951293945
5.0821852684021
5.025912284851074
5.043492317199707
5.2390594482421875
5.406371116638184
5.163336277008057
5.113518238067627
5.072023868560791
5.059089183807373
5.333972930908203
5.141607761383057
5.172804355621338
5.174968719482422
5.268178939819336
5.078485012054443
5.180785655975342
4.9790568351745605
4.958235740661621
5.175785541534424
4.8982696533203125
5.301905155181885
5.224238395690918
5.10938835144043
5.084812164306641
5.067996501922607
5.189481735229492
5.179060459136963
5.259649276733398
5.18797492980957
5.121881008148193
5.246132850646973
5.187214374542236
4.945553779602051
5.000051975250244
4.973834037780762
5.239336013793945
5.159758567810059
5.060397148132324
5.092162132263184
4.994920253753662
5.262955665588379
5.120702743530273
5.163756370544434
4.984284400939941
5.083355903625488
5.042181491851807
5.021289825439453
5.0349321365356445
5.072726726531982
4.997419834136963
5.1086506843566895
5.020629405975342
4.918749809265137
4.995776176452637
5.077757358551025
5.117692947387695
5.206038951873779
5.01747989654541
4.977177143096924
5.017871856689453
5.192158222198486
5.111555099487305
4.98793888092041
5.103226661682129
5.107633113861084
5.235138893127441
5.1256422996521
4.829855442047119
5.034918785095215
4.9939398765563965
4.930605888366699
5.018676280975342
4.948375701904297
4.677512168884277
4.972370624542236
5.083948135375977
4.932379245758057
4.865742206573486
5.1020941734313965
5.002652645111084
4.968198776245117
5.083632946014404
4.846229076385498
4.939174175262451
4.874921798706055
4.97437047958374
4.955777645111084
4.84299898147583
4.945940017700195
4.965309143066406
4.982839584350586
4.920289993286133
4.760781288146973
4.9005279541015625
4.928145408630371
4.849879741668701
5.070989608764648
5.071675777435303
4.973033428192139
4.8112688064575195
5.0633463859558105
4.94251012802124
5.016155242919922
4.947778701782227
4.862246990203857
4.940032005310059
4.883411407470703
4.928574562072754
4.871442794799805
4.781676769256592
4.947056293487549
4.928525924682617
5.033689498901367
4.900757789611816
5.020270824432373
4.7665863037109375
5.06498384475708
4.810003757476807
4.958992958068848
4.848392009735107
4.608949661254883
4.8905253410339355
4.856837272644043
4.86424446105957
4.8667120933532715
4.8231940269470215
4.977400779724121
4.850254058837891
4.660956859588623
4.976776123046875
4.904245376586914
4.74222993850708
4.7544026374816895
4.87593936920166
4.820595741271973
5.012324333190918
4.805407524108887
4.619666576385498
4.887709617614746
5.051544189453125
5.0242815017700195
4.7364654541015625
4.824357509613037
4.836435794830322
4.78387451171875
4.940512180328369
4.780158042907715
4.888756275177002
4.739632606506348
4.711353778839111
4.872671127319336
4.75399112701416
4.7571845054626465
4.657524585723877
4.786569118499756
4.783832550048828
4.808925628662109
4.800844192504883
4.764458179473877
4.849589824676514
4.688175201416016
4.728190898895264
4.7265849113464355
4.681578636169434
4.679298400878906
4.8201751708984375
4.741957187652588
4.7103495597839355
4.863618850708008
4.749660015106201
4.679623126983643
4.946577072143555
4.724918842315674
4.723903179168701
4.944625377655029
4.669785976409912
4.876845836639404
4.857045650482178
4.871469974517822
4.8547282218933105
4.6112775802612305
4.646125316619873
4.577239990234375
4.78326940536499
4.661224842071533
4.691924095153809
4.6495490074157715
4.708409309387207
4.631026744842529
4.654964923858643
4.490163803100586
4.802076816558838
4.574792385101318
4.620856761932373
4.817753314971924
4.576594829559326
4.564293384552002
4.754629611968994
4.899356365203857
4.659409523010254
4.504119873046875
4.960453033447266
4.573923587799072
4.641556739807129
4.793976783752441
4.842879295349121
4.550508975982666
4.598038673400879
4.888578414916992
4.655861854553223
4.654842853546143
4.708139896392822
4.7820281982421875
4.562601089477539
4.543126583099365
4.785565376281738
4.668344974517822
4.67972469329834
4.730888843536377
4.650788307189941
4.486692428588867
4.6015167236328125
4.601212978363037
4.809383392333984
4.582330703735352
4.806648254394531
4.614283561706543
4.653953552246094
4.586822986602783
4.67648983001709
4.597841739654541
4.688660621643066
4.70747709274292
4.607454299926758
4.802459239959717
4.562910556793213
4.592856407165527
4.5543212890625
4.649389743804932
4.580728054046631
4.6028852462768555
4.606750965118408
4.540721893310547
4.556873798370361
4.569524765014648
4.798418045043945
4.512786865234375
4.5452070236206055
4.672651767730713
4.477570056915283
4.609463214874268
4.5880303382873535
4.648159027099609
4.6620869636535645
4.708272457122803
4.605730056762695
4.795699119567871
4.591977596282959
4.485835552215576
4.586525917053223
4.598448753356934
4.587124824523926
4.717281341552734
4.618744373321533
4.531678676605225
4.580611705780029
4.691917419433594
4.701911449432373
4.736298561096191
4.666584014892578
4.671926975250244
4.692249298095703
4.629571914672852
4.4618306159973145
4.353364944458008
4.51917839050293
4.614736557006836
4.5054826736450195
4.671064376831055
4.531635284423828
4.738356590270996
4.541459083557129
4.623884201049805
4.455882549285889
4.551975250244141
4.467018127441406
4.65033483505249
4.443577289581299
4.386566162109375
4.408414840698242
4.501522541046143
4.465631484985352
4.51663064956665
4.472876071929932
4.530190467834473
4.426537036895752
4.361254692077637
4.5349273681640625
4.604757308959961
4.416609764099121
4.500953197479248
4.599742889404297
4.372429847717285
4.5164031982421875
4.56444787979126
4.479931831359863
4.583032608032227
4.51044225692749
4.4943742752075195
4.470850467681885
4.630752086639404
4.400270938873291
4.5135817527771
4.449069976806641
4.501097202301025
4.456266403198242
4.432733058929443
4.350685119628906
4.564339637756348
4.4497480392456055
4.346404552459717
4.472300052642822
4.502135753631592
4.606679439544678
4.381952285766602
4.4833879470825195
4.44119930267334
4.526930809020996
4.55959939956665
4.539425373077393
4.321955680847168
4.362581729888916
4.522265434265137
4.3434953689575195
4.37454080581665
4.352003574371338
4.61000394821167
4.462357044219971
4.434199810028076
4.623881816864014
4.363936901092529
4.462453842163086
4.3613057136535645
4.530243873596191
4.331018924713135
4.450178623199463
4.441356182098389
4.298906326293945
4.402403831481934
4.656364917755127
4.391664505004883
4.424378871917725
4.319570064544678
4.375854969024658
4.169920921325684
4.600840091705322
4.436142444610596
4.459402084350586
4.4813761711120605
4.243341445922852
4.630462646484375
4.3506178855896
4.702155113220215
4.406426906585693
4.587257385253906
4.413890838623047
4.562002182006836
4.408016204833984
4.39782190322876
4.271231174468994
4.469368934631348
4.362884521484375
4.33402156829834
4.53115701675415
4.497583389282227
4.477625370025635
4.3815598487854
4.372393608093262
4.474349021911621
4.542865753173828
4.401313781738281
4.4249773025512695
4.225905895233154
4.280411243438721
4.470047950744629
4.223551273345947
4.386318683624268
4.315408706665039
4.611817359924316
4.28122615814209
4.227871894836426
4.259322643280029
4.291792869567871
4.387211322784424
4.1694722175598145
4.301387786865234
4.347621917724609
4.200360298156738
4.343006610870361
4.4003190994262695
4.20879602432251
4.2384796142578125
4.212823867797852
4.297321796417236
4.356817722320557
4.308835506439209
4.313610076904297
4.304287433624268
4.230896949768066
4.374314785003662
4.321590423583984
4.368471622467041
4.402024745941162
4.195350646972656
4.29816198348999
4.4921159744262695
4.500053882598877
4.322803020477295
4.453764915466309
4.3839921951293945
4.266108989715576
4.266835689544678
4.288124084472656
4.313798427581787
4.436035633087158
4.269730091094971
4.2893242835998535
4.19625186920166
4.2411956787109375
4.169743537902832
4.223143100738525
4.178312301635742
4.292931079864502
4.355889797210693
4.184889316558838
4.3606486320495605
4.321573734283447
4.251372337341309
4.282261371612549
4.317585468292236
4.390142440795898
4.271578311920166
4.319171905517578
4.16056489944458
4.178065299987793
4.157989025115967
4.234139919281006
4.073554515838623
4.334392547607422
4.271437644958496
4.123836517333984
4.366697311401367
4.397373676300049
4.202266693115234
4.332417964935303
4.0861616134643555
4.29836368560791
4.16196346282959
4.248123645782471
4.304366111755371
4.158103942871094
4.175107479095459
4.044878005981445
4.113149166107178
4.351510524749756
4.117297172546387
4.218593597412109
4.285940647125244
4.24454402923584
4.163450241088867
4.202278137207031
4.297562122344971
4.275204658508301
4.139687538146973
4.050014019012451
4.224409580230713
4.267172813415527
4.141008377075195
4.296963214874268
4.221095085144043
4.084524631500244
4.087319850921631
4.285335063934326
4.294732570648193
4.358124256134033
4.19049072265625
4.097809314727783
4.09423828125
4.1814656257629395
4.262996673583984
4.292418956756592
4.253213405609131
4.1740312576293945
4.324261665344238
4.290890216827393
4.133389949798584
4.132575035095215
4.112298011779785
4.086091041564941
4.181520462036133
4.223577499389648
4.082637310028076
4.077714920043945
4.099681854248047
4.256274223327637
4.2329487800598145
4.14958381652832
4.1937055587768555
4.110680103302002
4.264374256134033
4.181388854980469
4.20042085647583
4.08489990234375
4.210592269897461
4.209598064422607
4.084604740142822
4.290555000305176
4.124963283538818
4.197694301605225
4.229864120483398
4.139113903045654
4.072342395782471
4.191856861114502
4.029628276824951
4.021152973175049
4.0987677574157715
4.079126358032227
4.0660176277160645
4.1719770431518555
4.093192100524902
4.054265975952148
4.102030277252197
4.081974506378174
4.144409656524658
4.064596652984619
4.2218804359436035
4.202420711517334
4.180861949920654
4.1118927001953125
4.0503106117248535
4.062766075134277
4.106286525726318
4.1511030197143555
4.200475692749023
4.034099578857422
4.11738920211792
4.144548416137695
4.085347652435303
4.0946197509765625
4.037179470062256
4.268153190612793
4.199416160583496
4.032782077789307
4.21585750579834
4.087495803833008
4.002498626708984
4.27194356918335
4.245753765106201
4.055678367614746
4.169558048248291
4.0733113288879395
4.039928913116455
3.987215518951416
4.055482387542725
4.089387893676758
4.195542335510254
4.227291584014893
4.00679349899292
4.046762943267822
4.112497806549072
4.050017833709717
3.9877359867095947
4.000057697296143
3.999589443206787
4.148227691650391
3.939640998840332
4.065986156463623
4.068786144256592
4.01705265045166
4.1259765625
4.040031909942627
3.9923698902130127
3.9627349376678467
4.065010070800781
4.149605751037598
3.957797050476074
4.025074481964111
4.03897762298584
4.044007301330566
4.025084972381592
3.9390900135040283
4.069730758666992
4.021616458892822
4.036635398864746
4.063616752624512
4.025221824645996
4.041069507598877
4.047506809234619
4.013294219970703
4.065429210662842
3.934673309326172
4.063459396362305
4.052783489227295
3.9332046508789062
3.8771464824676514
3.8770604133605957
3.9207923412323
3.8376107215881348
4.03355073928833
3.971630096435547
3.968370199203491
4.1256561279296875
4.050131797790527
4.054978370666504
4.016719818115234
3.9494245052337646
3.9380505084991455
3.8562076091766357
3.9992942810058594
4.033825874328613
4.093994617462158
4.0008544921875
3.929859161376953
4.128629684448242
3.906693696975708
3.952515125274658
4.03753662109375
4.055602073669434
4.009655475616455
4.095112323760986
3.9934701919555664
4.0702714920043945
4.041295051574707
4.171045303344727
4.135700225830078
3.99702525138855
3.993913173675537
4.078332424163818
3.916550397872925
4.045894145965576
4.06031608581543
3.96018385887146
3.911017894744873
4.042240619659424
3.8652517795562744
3.951605796813965
3.859196901321411
4.005357265472412
4.181910037994385
3.8213813304901123
3.9281046390533447
4.100530624389648
3.959695339202881
3.9127979278564453
3.9001893997192383
3.947638511657715
4.042727947235107
3.834895610809326
3.8903329372406006
3.7764627933502197
3.984682321548462
4.090572834014893
4.0725417137146
4.073783874511719
3.960383415222168
3.985292434692383
3.945633888244629
3.956234931945801
3.794447422027588
3.9575366973876953
4.00330924987793
3.9798638820648193
3.8310387134552
3.9312527179718018
3.995526075363159
3.98170804977417
3.8322253227233887
3.9681990146636963
3.893813133239746
3.905547618865967
4.035539627075195
3.91917085647583
3.9224979877471924
3.8622546195983887
3.807471990585327
4.013314247131348
3.975283145904541
3.866137981414795
3.944540500640869
3.9058642387390137
3.7160441875457764
3.945589542388916
3.8872790336608887
3.970529556274414
3.896613836288452
3.9248926639556885
3.807051658630371
3.8953490257263184
4.032469272613525
3.84877610206604
3.9364302158355713
3.963649034500122
4.003262042999268
3.7869694232940674
3.925945997238159
3.9291887283325195
3.8635928630828857
3.8240606784820557
4.01286506652832
3.8963916301727295
3.8834826946258545
3.896191120147705
4.019178867340088
3.8283674716949463
3.8025572299957275
3.839015007019043
3.943227767944336
3.774923086166382
3.743471145629883
3.866295099258423
3.8611392974853516
3.8980307579040527
3.7837932109832764
3.8882012367248535
3.859910488128662
3.868657112121582
3.9838128089904785
3.811972141265869
3.782884359359741
3.8058323860168457
3.8671436309814453
3.742408275604248
3.875154972076416
3.911677122116089
3.7011795043945312
3.799389123916626
3.9242045879364014
3.882638454437256
3.8914897441864014
3.9633264541625977
3.7835936546325684
3.82759165763855
3.6855175495147705
3.7498087882995605
3.9330098628997803
3.8096225261688232
3.8750367164611816
3.749767780303955
3.815643310546875
4.039595603942871
3.8879504203796387
3.785789966583252
3.822317600250244
3.7245256900787354
3.937490940093994
3.9952120780944824
3.846433639526367
3.8173587322235107
3.831284761428833
3.7067482471466064
3.7993669509887695
4.011622428894043
3.9168813228607178
3.79695463180542
3.8599798679351807
3.850773334503174
3.752819299697876
3.778193235397339
3.8235256671905518
3.886345386505127
3.931173801422119
3.8654370307922363
3.8221492767333984
3.814959764480591
3.8170197010040283
3.838294744491577
3.896512985229492
3.8473563194274902
3.8439226150512695
3.7580056190490723
3.860743999481201
3.7763876914978027
3.7117931842803955
3.7687876224517822
3.8745641708374023
3.8709876537323
3.8033552169799805
3.921844720840454
3.7940452098846436
3.7813117504119873
3.8225932121276855
3.876708745956421
3.9380311965942383
3.7487423419952393
3.6815145015716553
3.8025259971618652
3.560260772705078
3.805670976638794
3.912487268447876
3.7569961547851562
3.7366888523101807
3.636781930923462
3.767645835876465
3.7674782276153564
3.840932846069336
3.856934070587158
3.7178542613983154
3.887861490249634
3.634878158569336
3.76318097114563
3.776296615600586
3.661576509475708
3.677035093307495
3.695317029953003
3.7682723999023438
3.7314374446868896
3.7048871517181396
3.7296035289764404
3.759789228439331
3.7452878952026367
3.9143364429473877
3.7777392864227295
3.8460612297058105
3.8410701751708984
3.699052095413208
3.7695200443267822
3.722104072570801
3.818882465362549
3.6538968086242676
3.890604257583618
3.8845674991607666
3.7778937816619873
3.8205013275146484
3.67546010017395
3.7840561866760254
3.6208314895629883
3.808176040649414
3.792649269104004
3.6721136569976807
3.754533529281616
3.6627233028411865
3.7624237537384033
3.721001625061035
3.683039903640747
3.6606156826019287
3.5841028690338135
3.770678758621216
3.7717642784118652
3.732928991317749
3.649353504180908
3.6266322135925293
3.896735429763794
3.705012559890747
3.808213710784912
3.814122200012207
3.730764627456665
3.7666211128234863
3.703004837036133
3.8705477714538574
3.741771697998047
3.6314823627471924
3.638469696044922
3.705012559890747
3.684525966644287
3.660141944885254
3.927591562271118
3.721898078918457
3.6746745109558105
3.7112104892730713
3.60667085647583
3.775087833404541
3.807892322540283
3.629714250564575
3.8186347484588623
3.6646440029144287
3.8012850284576416
3.7796523571014404
3.5750880241394043
3.676705837249756
3.6166346073150635
3.664649248123169
3.8323912620544434
3.692026376724243
3.7761831283569336
3.8205020427703857
3.639087200164795
3.626117706298828
3.5893454551696777
3.764148712158203
3.767206907272339
3.726594924926758
3.592053174972534
3.6508047580718994
3.7682464122772217
3.6768569946289062
3.7180755138397217
3.8486168384552
3.716522216796875
3.7112865447998047
3.681027412414551
3.7314136028289795
3.558784246444702
3.5992915630340576
3.634587049484253
3.7427308559417725
3.652271270751953
3.5920052528381348
3.706129789352417
3.5203189849853516
3.816045045852661
3.629861354827881
3.7308690547943115
3.7034811973571777
3.5939900875091553
3.590364694595337
3.662973403930664
3.6698379516601562
3.7103986740112305
3.7462410926818848
3.584808349609375
3.6124093532562256
3.6734626293182373
3.6760501861572266
3.7201433181762695
3.6805460453033447
3.639653444290161
3.7042763233184814
3.6397666931152344
3.554553985595703
3.7600715160369873
3.7195558547973633
3.652733325958252
3.6453583240509033
3.621917247772217
3.824918746948242
3.769627094268799
3.5669069290161133
3.5334858894348145
3.6188111305236816
3.6204047203063965
3.7097105979919434
3.703139543533325
3.652711868286133
3.5833096504211426
3.560182809829712
3.6400651931762695
3.675041675567627
3.7405192852020264
3.466498851776123
3.626089572906494
3.7203025817871094
3.633756160736084
3.6452083587646484
3.7081215381622314
3.6270878314971924
3.5365567207336426
3.5957484245300293
3.5899088382720947
3.6524009704589844
3.465803384780884
3.714024782180786
3.6409988403320312
3.603787660598755
3.5894031524658203
3.657052755355835
3.63476300239563
3.4684958457946777
3.6210412979125977
3.604637861251831
3.6490800380706787
3.5684878826141357
3.7817647457122803
3.5036470890045166
3.694044828414917
3.5966761112213135
3.6707828044891357
3.6908462047576904
3.601408004760742
3.619265079498291
3.693404197692871
3.5415289402008057
3.594352960586548
3.56645131111145
3.5278396606445312
3.5716538429260254
3.602294921875
3.6774790287017822
3.728834867477417
3.569823741912842
3.4793968200683594
3.6215145587921143
3.5841572284698486
3.6277997493743896
3.5081887245178223
3.579906702041626
3.579709053039551
3.545466661453247
3.5507678985595703
3.555058240890503
3.492079257965088
3.5355305671691895
3.506901741027832
3.496783971786499
3.5684401988983154
3.594668388366699
3.6020615100860596
3.684619426727295
3.581636667251587
3.6304244995117188
3.497509002685547
3.5266377925872803
3.606750965118408
3.5803816318511963
3.529913902282715
3.568242311477661
3.5714914798736572
3.575913190841675
3.527430772781372
3.468629837036133
3.4156510829925537
3.4985246658325195
3.588998317718506
3.6510350704193115
3.658611297607422
3.462529420852661
3.5900745391845703
3.5768916606903076
3.5993499755859375
3.531891345977783
3.4433348178863525
3.4642181396484375
3.615030288696289
3.6125996112823486
3.6593687534332275
3.473479747772217
3.4946281909942627
3.494812488555908
3.539762496948242
3.5905423164367676
3.6379482746124268
3.634474515914917
3.5813040733337402
3.624591827392578
3.505397081375122
3.501176118850708
3.437382221221924
3.5806796550750732
3.494053840637207
3.452439308166504
3.380890130996704
3.471353769302368
3.4987950325012207
3.6421713829040527
3.5090231895446777
3.5363707542419434
3.5489909648895264
3.6245205402374268
3.5277206897735596
3.499338150024414
3.536000967025757
3.6457953453063965
3.4908318519592285
3.4872820377349854
3.559644937515259
3.5458974838256836
3.5513134002685547
3.4283273220062256
3.4917216300964355
3.533085584640503
3.602928876876831
3.579087972640991
3.5170974731445312
3.5341598987579346
3.521711587905884
3.5036909580230713
3.5551397800445557
3.5078701972961426
3.5055503845214844
3.4742863178253174
3.5484349727630615
3.474189519882202
3.4961934089660645
3.4300537109375
3.3854143619537354
3.4936935901641846
3.4711997509002686
3.414158344268799
3.4816482067108154
3.5534110069274902
3.42999267578125
3.5404162406921387
3.528693437576294
3.486442804336548
3.450706720352173
3.5249485969543457
3.563835859298706
3.446934938430786
3.516324758529663
3.4946513175964355
3.6489434242248535
3.4753949642181396
3.4727866649627686
3.4461112022399902
3.517035484313965
3.4248812198638916
3.5421276092529297
3.3731331825256348
3.4613759517669678
3.4863569736480713
3.499769926071167
3.511411666870117
3.4158096313476562
3.3359534740448
3.4918906688690186
3.3414292335510254
3.312180280685425
3.531306743621826
3.483527183532715
3.4513678550720215
3.3969483375549316
3.431417465209961
3.4525368213653564
3.516848087310791
3.454848527908325
3.431769371032715
3.417757272720337
3.5527937412261963
3.4849305152893066
3.4488844871520996
3.4853177070617676
3.6494288444519043
3.3941290378570557
3.3714253902435303
3.544794797897339
3.4454169273376465
3.3598439693450928
3.357438087463379
3.303445816040039
3.4067139625549316
3.3951780796051025
3.426975727081299
3.4351067543029785
3.4700520038604736
3.4059343338012695
3.466820478439331
3.4573864936828613
3.3832895755767822
3.4688944816589355
3.386775493621826
3.4058406352996826
3.4541914463043213
3.500823974609375
3.425659656524658
3.401968240737915
3.4597666263580322
3.4168930053710938
3.4917049407958984
3.5068984031677246
3.3781371116638184
3.4572842121124268
3.3531734943389893
3.4855682849884033
3.4139108657836914
3.3394086360931396
3.4078643321990967
3.339336633682251
3.464541435241699
3.3827064037323
3.424964189529419
3.476045846939087
3.45629620552063
3.401796579360962
3.49660062789917
3.4237518310546875
3.384485960006714
3.40885066986084
3.428666591644287
3.394550323486328
3.3918344974517822
3.4105348587036133
3.386695623397827
3.436964273452759
3.4140591621398926
3.379974603652954
3.485403299331665
3.371408462524414
3.407806634902954
3.4249303340911865
3.3985884189605713
3.3704686164855957
3.372194290161133
3.489121198654175
3.3620145320892334
3.4685940742492676
3.4297685623168945
3.387287139892578
3.357032537460327
3.415788412094116
3.422386407852173
3.320176362991333
3.445888042449951
3.383669137954712
3.3962337970733643
3.329869031906128
3.38028883934021
3.3709442615509033
3.370096445083618
3.417410135269165
3.3602681159973145
3.5317070484161377
3.3195641040802
3.3207638263702393
3.325613260269165
3.4091575145721436
3.2889013290405273
3.427840232849121
3.2914223670959473
3.4135186672210693
3.3454155921936035
3.343007802963257
3.511366605758667
3.4114503860473633
3.385457992553711
3.292640209197998
3.3843255043029785
3.3354902267456055
3.347583770751953
3.3308968544006348
3.300633668899536
3.328216791152954
3.285620927810669
3.4155445098876953
3.320390224456787
3.4274535179138184
3.398771047592163
3.3539202213287354
3.328880786895752
3.386077642440796
3.4348795413970947
3.35479736328125
3.3699138164520264
3.3492963314056396
3.4506664276123047
3.376696825027466
3.394270420074463
3.3513474464416504
3.345031976699829
3.255061626434326
3.338362693786621
3.3363232612609863
3.4220335483551025
3.3123438358306885
3.329533576965332
3.2507224082946777
3.295816421508789
3.26824688911438
3.4066781997680664
3.3502845764160156
3.274907350540161
3.373772382736206
3.2665700912475586
3.2686855792999268
3.328848123550415
3.2447731494903564
3.366968870162964
3.2427821159362793
3.2652294635772705
3.3017024993896484
3.3746800422668457
3.3561835289001465
3.27658748626709
3.493636131286621
3.355912208557129
3.2888734340667725
3.2580015659332275
3.302419900894165
3.244379758834839
3.3275516033172607
3.219808578491211
3.304328441619873
3.3581504821777344
3.2712173461914062
3.3617208003997803
3.323331594467163
3.275486946105957
3.2536509037017822
3.250972032546997
3.1971261501312256
3.243593692779541
3.291426658630371
3.2722809314727783
3.343381643295288
3.2574188709259033
3.288133382797241
3.3946385383605957
3.323364496231079
3.311049222946167
3.3523411750793457
3.2839715480804443
3.3560259342193604
3.340712308883667
3.2756154537200928
3.2464747428894043
3.3602185249328613
3.218797206878662
3.303499221801758
3.2714285850524902
3.3146111965179443
3.2202930450439453
3.2282893657684326
3.254575729370117
3.3796043395996094
3.263594388961792
3.315040111541748
3.3087973594665527
3.227539300918579
3.1869795322418213
3.316533088684082
3.202425479888916
3.2294723987579346
3.314925193786621
3.218620777130127
3.2562177181243896
3.4090161323547363
3.1864495277404785
3.2094459533691406
3.2585158348083496
3.258310556411743
3.1721744537353516
3.2242774963378906
3.3594400882720947
3.2512590885162354
3.2952992916107178
3.369215488433838
3.248955726623535
3.3353562355041504
3.313220977783203
3.2361843585968018
3.158036231994629
3.258070230484009
3.275010347366333
3.243831157684326
3.326521635055542
3.3187575340270996
3.287997245788574
3.3060426712036133
3.222404718399048
3.3360636234283447
3.2517893314361572
3.3320469856262207
3.2497904300689697
3.2160956859588623
3.2714672088623047
3.2648448944091797
3.1825311183929443
3.349264621734619
3.3212730884552
3.2465200424194336
3.2818078994750977
3.271350622177124
3.212465763092041
3.162768840789795
3.211024284362793
3.3942596912384033
3.265421152114868
3.183586359024048
3.2814478874206543
3.177866220474243
3.256890058517456
3.203551769256592
3.3050382137298584
3.241243600845337
3.2817440032958984
3.228131055831909
3.234046697616577
3.2564315795898438
3.2621941566467285
3.3377764225006104
3.142725944519043
3.2117509841918945
3.2157106399536133
3.240832805633545
3.3517513275146484
3.1704001426696777
3.1670172214508057
3.286289930343628
3.2731945514678955
3.2226104736328125
3.2011091709136963
3.211195468902588
3.152432918548584
3.185497760772705
3.221748113632202
3.1858201026916504
3.3101089000701904
3.2578184604644775
3.264845371246338
3.207441568374634
3.2912070751190186
3.272667407989502
3.2980051040649414
3.237852096557617
3.265552520751953
3.20221209526062
3.104172468185425
3.1396188735961914
3.1147427558898926
3.2586560249328613
3.247821569442749
3.0914130210876465
3.2087490558624268
3.130998373031616
3.2564916610717773
3.157247543334961
3.143075466156006
3.219780921936035
3.135185956954956
3.297851800918579
3.1968395709991455
3.1753218173980713
3.131343364715576
3.253901958465576
3.2392539978027344
3.1641411781311035
3.1478636264801025
3.161421060562134
3.240837812423706
3.173053741455078
3.206757068634033
3.1971352100372314
3.1913204193115234
3.157015085220337
3.1745376586914062
3.2031307220458984
3.1428098678588867
3.2310574054718018
3.220069646835327
3.099148750305176
3.2048165798187256
3.157886505126953
3.2008538246154785
3.184415578842163
3.066880464553833
3.16005539894104
3.2979893684387207
3.255960464477539
3.139106512069702
3.110208511352539
3.1260178089141846
3.139505624771118
3.167797565460205
3.241384744644165
3.1425657272338867
3.110419511795044
3.1102209091186523
3.1381049156188965
3.1930606365203857
3.1856772899627686
3.1205263137817383
3.201822280883789
3.1847190856933594
3.1265323162078857
3.1573293209075928
3.2205562591552734
3.122274398803711
3.210927724838257
3.180483341217041
3.2075631618499756
3.100248336791992
3.166654348373413
3.162301778793335
3.1020100116729736
3.1593847274780273
3.122514486312866
3.217102527618408
3.114492416381836
3.109185218811035
3.047502279281616
3.059779167175293
3.1770427227020264
3.1391539573669434
3.1545369625091553
3.073380708694458
3.160365581512451
3.176262855529785
3.1568920612335205
3.1376922130584717
3.163822889328003
3.1970436573028564
3.083916425704956
3.197848081588745
3.0846519470214844
3.0573129653930664
3.142817735671997
3.260401725769043
3.152642250061035
3.2195003032684326
3.0438547134399414
3.15594482421875
3.1540093421936035
3.025642156600952
3.052313804626465
3.256166458129883
3.126941680908203
3.1113522052764893
3.093831777572632
3.223827838897705
3.1096885204315186
3.039605140686035
3.1634979248046875
3.0649988651275635
3.11552357673645
3.1783835887908936
3.0960476398468018
3.103379964828491
3.0828216075897217
3.2977724075317383
3.1154167652130127
3.3248894214630127
3.1047613620758057
3.136753797531128
3.12125301361084
3.0717811584472656
3.123854160308838
3.1898345947265625
3.0859498977661133
3.1380293369293213
3.1524343490600586
3.236830949783325
3.1260621547698975
3.124201536178589
3.07817006111145
3.049645185470581
3.0436367988586426
3.1206891536712646
3.053753137588501
3.1361935138702393
3.1006243228912354
3.0552704334259033
3.0742712020874023
3.076192855834961
3.1091105937957764
3.0757107734680176
3.1358706951141357
3.1011171340942383
3.0825982093811035
3.1793200969696045
3.048309564590454
3.1647706031799316
3.1004981994628906
3.077456474304199
3.085948944091797
3.084981918334961
3.106400966644287
3.1246190071105957
3.025277853012085
3.060311794281006
3.1367878913879395
3.053449869155884
3.035463809967041
3.090876817703247
3.0122249126434326
3.131124258041382
3.032654047012329
3.2462611198425293
3.0949573516845703
3.034787178039551
3.0442843437194824
3.0842294692993164
3.135657787322998
3.086374521255493
2.98180890083313
2.9562361240386963
3.108135938644409
3.080214738845825
3.039179801940918
3.1433396339416504
3.183717966079712
3.0380170345306396
3.0914206504821777
3.041046380996704
3.047128438949585
3.0486536026000977
3.1430864334106445
3.0343923568725586
3.1004014015197754
3.137425661087036
3.0149388313293457
3.140441417694092
3.0500550270080566
3.062861442565918
3.1376068592071533
2.9957826137542725
3.031550645828247
3.002182722091675
3.0512783527374268
3.1016759872436523
3.0636322498321533
3.0324888229370117
3.030721426010132
3.048107624053955
3.0135953426361084
3.0162081718444824
2.9845592975616455
3.011977195739746
3.0170514583587646
3.0040271282196045
3.1312906742095947
3.058598756790161
3.1366751194000244
3.080442190170288
3.0566413402557373
3.0116782188415527
3.118013381958008
3.089224338531494
3.024425506591797
3.01827335357666
3.054234504699707
2.974640369415283
2.9895853996276855
3.0570523738861084
2.934235095977783
3.066840887069702
2.960087776184082
3.0360913276672363
2.9557034969329834
2.940046787261963
3.047152280807495
3.0119621753692627
2.9942328929901123
3.039616346359253
3.0340802669525146
2.906599521636963
3.0387511253356934
3.0145039558410645
3.005329132080078
3.0908308029174805
2.980745315551758
3.0268969535827637
3.0260026454925537
2.936250925064087
2.9966983795166016
3.062300682067871
3.0799741744995117
3.0340495109558105
2.9982821941375732
2.9995384216308594
3.1001386642456055
2.9875550270080566
2.994645833969116
2.9854111671447754
3.1106598377227783
2.9484918117523193
2.940203905105591
3.0626235008239746
2.984682083129883
2.9614720344543457
3.0445058345794678
2.9975180625915527
2.986973285675049
2.9700472354888916
3.0069210529327393
2.9678943157196045
3.0609941482543945
3.038273811340332
2.977863311767578
3.092073678970337
2.961622476577759
2.948756217956543
2.973764419555664
3.0493643283843994
2.9925930500030518
2.9820282459259033
3.0136914253234863
2.9591569900512695
2.957895517349243
3.0069096088409424
2.9138612747192383
3.0560240745544434
3.075356960296631
3.0262227058410645
3.0098352432250977
3.0084469318389893
2.997948408126831
2.970247983932495
2.9396090507507324
2.9993181228637695
2.9883697032928467
3.0370681285858154
2.9962852001190186
2.973142385482788
2.9969992637634277
3.0172297954559326
3.0203793048858643
3.0792555809020996
2.987632989883423
2.9204094409942627
3.066580295562744
2.943108081817627
3.0007543563842773
2.8792104721069336
2.9502980709075928
2.9533815383911133
2.9735732078552246
2.932713031768799
3.0359859466552734
2.953998565673828
2.9998130798339844
2.9646029472351074
2.929394483566284
2.9638378620147705
3.052152156829834
2.9274821281433105
2.9531326293945312
2.9457178115844727
2.9690513610839844
2.859609365463257
2.8843650817871094
2.8929078578948975
2.9722135066986084
2.9213509559631348
2.88234543800354
2.9866838455200195
2.974581241607666
2.9624829292297363
2.9529898166656494
2.8949618339538574
2.9660251140594482
2.945736885070801
2.9317092895507812
3.0051257610321045
2.9086086750030518
2.9960808753967285
2.924415111541748
2.9639482498168945
3.003931999206543
2.9206650257110596
2.9143433570861816
3.021486282348633
3.0014920234680176
2.9883387088775635
2.932809352874756
2.8850605487823486
2.9779131412506104
2.899305820465088
2.9131271839141846
2.9416468143463135
2.8125782012939453
2.956655979156494
2.9672963619232178
3.0123679637908936
2.9159047603607178
2.9586257934570312
2.9487175941467285
2.8410534858703613
2.955310583114624
2.9254517555236816
2.872056245803833
2.9294285774230957
2.908259153366089
2.8690502643585205
3.004100799560547
2.9018197059631348
2.8309526443481445
2.9679248332977295
2.9438095092773438
2.9662294387817383
3.028480291366577
2.9599525928497314
3.01961612701416
2.944082260131836
2.7913503646850586
2.9591708183288574
2.8466994762420654
2.8767127990722656
2.894775629043579
2.824810266494751
2.932366371154785
2.8466546535491943
2.905229330062866
2.864506721496582
2.9064481258392334
2.8261420726776123
2.946934223175049
2.926520824432373
2.9551193714141846
2.9373929500579834
2.9540538787841797
2.825820207595825
2.8268954753875732
2.886361598968506
2.968780755996704
2.9662654399871826
2.934253215789795
2.951496124267578
2.862730026245117
2.916304588317871
2.8130555152893066
2.9812238216400146
2.9238409996032715
2.8905117511749268
2.8997108936309814
2.949368715286255
2.901719808578491
2.919337749481201
2.9008021354675293
2.962728977203369
2.98281192779541
2.9853243827819824
2.894876718521118
2.8423030376434326
2.872668981552124
2.943275213241577
2.873342514038086
2.8920650482177734
2.9235341548919678
2.8760862350463867
2.8969616889953613
2.9222564697265625
2.937223434448242
2.818312883377075
2.978968381881714
2.9205358028411865
2.9554572105407715
2.896034002304077
2.8962783813476562
2.8739616870880127
2.8594508171081543
2.890368700027466
2.80313777923584
2.9507813453674316
2.8510332107543945
2.8659512996673584
2.9064505100250244
2.854180335998535
2.926887035369873
2.861402750015259
2.998072385787964
2.808136224746704
2.940826892852783
2.8762097358703613
2.8760955333709717
2.8735287189483643
2.9360620975494385
2.8417701721191406
2.875563144683838
2.936737060546875
2.9040188789367676
2.8671958446502686
2.8281428813934326
2.883516311645508
2.8230414390563965
2.8853085041046143
2.871063709259033
2.846446990966797
2.8975610733032227
2.875795602798462
2.8259897232055664
2.843075752258301
2.8806941509246826
2.8377413749694824
2.943636655807495
2.910839080810547
2.8549468517303467
2.8730838298797607
2.800088882446289
2.7749075889587402
2.9790501594543457
2.85990834236145
2.767533779144287
2.872602939605713
2.9246513843536377
2.9193661212921143
2.750274896621704
2.8497889041900635
2.8329977989196777
2.8517136573791504
2.900362253189087
2.854520797729492
2.8619205951690674
2.7857155799865723
2.871692657470703
2.8083126544952393
2.852099895477295
2.741763114929199
2.8292031288146973
2.8454477787017822
2.8662805557250977
2.8207736015319824
2.8361783027648926
2.8087587356567383
2.8000881671905518
2.729330539703369
2.8344321250915527
2.8350484371185303
2.880305290222168
2.8184902667999268
2.886129856109619
2.8664581775665283
2.8792197704315186
2.7891786098480225
2.8188636302948
2.8797976970672607
2.8180956840515137
2.834723472595215
2.832839012145996
2.791572093963623
2.8467302322387695
2.812077760696411
2.808648109436035
2.7640886306762695
2.795851945877075
2.801746129989624
2.9106059074401855
2.841635227203369
2.8299670219421387
2.8552684783935547
2.8599421977996826
2.761178493499756
2.859349250793457
2.830383777618408
2.9164724349975586
2.8735270500183105
2.8836212158203125
2.8075273036956787
2.7923614978790283
2.796156644821167
2.7951033115386963
2.776918649673462
2.874748468399048
2.763455390930176
2.781954526901245
2.8647615909576416
2.8694090843200684
2.7824900150299072
2.8704230785369873
2.800758123397827
2.7618789672851562
2.6839020252227783
2.896728277206421
2.867687225341797
2.8714747428894043
2.8818702697753906
2.840714454650879
2.906860589981079
2.8280885219573975
2.8065366744995117
2.8663909435272217
2.8043367862701416
2.7538704872131348
2.9171411991119385
2.753300666809082
2.8425118923187256
2.751582622528076
2.7874631881713867
2.824719190597534
2.8566298484802246
2.7934181690216064
2.8879754543304443
2.8504908084869385
2.7395548820495605
2.7658286094665527
2.866678237915039
2.7874886989593506
2.783907413482666
2.7678182125091553
2.7970340251922607
2.7911338806152344
2.7189037799835205
2.826617479324341
2.777719497680664
2.7586822509765625
2.7460644245147705
2.7203636169433594
2.8115928173065186
2.7444753646850586
2.7567899227142334
2.7746381759643555
2.90073299407959
2.7883379459381104
2.7947065830230713
2.782564640045166
2.81192684173584
2.7718210220336914
2.7347328662872314
2.7569291591644287
2.8160181045532227
2.804687023162842
2.7990219593048096
2.8019490242004395
2.7801878452301025
2.6895766258239746
2.8073747158050537
2.831266164779663
2.875670909881592
2.783667802810669
2.760997772216797
2.7534165382385254
2.7896509170532227
2.826169013977051
2.7947537899017334
2.7417566776275635
2.761713981628418
2.7976014614105225
2.7225589752197266
2.799578905105591
2.8159356117248535
2.7872512340545654
2.750396251678467
2.770254373550415
2.735015869140625
2.7374675273895264
2.696227788925171
2.7287793159484863
2.6900312900543213
2.81093430519104
2.8161838054656982
2.819877862930298
2.798794746398926
2.6617743968963623
2.7852675914764404
2.7957992553710938
2.7463772296905518
2.6495678424835205
2.682828664779663
2.7430436611175537
2.733987331390381
2.7765002250671387
2.6580793857574463
2.7510390281677246
2.7296063899993896
2.6779847145080566
2.713973045349121
2.713622808456421
2.708977460861206
2.731170415878296
2.783127546310425
2.805173635482788
2.8041152954101562
2.772108554840088
2.7093892097473145
2.7670674324035645
2.767662286758423
2.7524027824401855
2.8515968322753906
2.726271629333496
2.770004987716675
2.800872802734375
2.677297353744507
2.698335886001587
2.719536066055298
2.7066969871520996
2.7125418186187744
2.770582675933838
2.7588753700256348
2.7517833709716797
2.7728724479675293
2.662475347518921
2.7231695652008057
2.7627124786376953
2.7063262462615967
2.6944313049316406
2.705843210220337
2.792393684387207
2.670152425765991
2.681812286376953
2.6828668117523193
2.671539783477783
2.8519692420959473
2.697296380996704
2.7607274055480957
2.609950304031372
2.6919939517974854
2.7064971923828125
2.7928662300109863
2.7233312129974365
2.68045711517334
2.655299186706543
2.789205551147461
2.6927409172058105
2.692776918411255
2.7888991832733154
2.633077621459961
2.72204852104187
2.728837251663208
2.7286789417266846
2.6694793701171875
2.6691606044769287
2.7506556510925293
2.7504329681396484
2.7538583278656006
2.8337700366973877
2.6642186641693115
2.7276387214660645
2.668121337890625
2.688558578491211
2.6477389335632324
2.7044355869293213
2.7281177043914795
2.6991870403289795
2.7234153747558594
2.6649632453918457
2.7327516078948975
2.7375996112823486
2.7441675662994385
2.672675132751465
2.6763625144958496
2.6698849201202393
2.7286593914031982
2.699974536895752
2.700470447540283
2.758488416671753
2.709487199783325
2.629774332046509
2.701565980911255
2.6846961975097656
2.6808693408966064
2.656226396560669
2.637869119644165
2.7040090560913086
2.768653392791748
2.6046884059906006
2.732569456100464
2.690293788909912
2.642179012298584
2.639845132827759
2.699537754058838
2.710777759552002
2.6672377586364746
2.6908111572265625
2.6995747089385986
2.726895332336426
2.7234199047088623
2.6663098335266113
2.633697986602783
2.7013161182403564
2.685763120651245
2.680753231048584
2.6708791255950928
2.707101583480835
2.7056868076324463
2.7501490116119385
2.7115678787231445
2.639224052429199
2.7110228538513184
2.70119571685791
2.7066712379455566
2.6627390384674072
2.7615978717803955
2.5866026878356934
2.725313186645508
2.69048810005188
2.729496717453003
2.6666674613952637
2.6775214672088623
2.708411455154419
2.6245124340057373
2.654005527496338
2.677248001098633
2.6498425006866455
2.634335994720459
2.7197184562683105
2.7401959896087646
2.637190818786621
2.595519542694092
2.6835358142852783
2.6509387493133545
2.6874845027923584
2.5991127490997314
2.6834869384765625
2.6132938861846924
2.5862855911254883
2.62367582321167
2.685002326965332
2.6711602210998535
2.6872506141662598
2.7399752140045166
2.6924238204956055
2.6506965160369873
2.8224732875823975
2.5930206775665283
2.6589391231536865
2.7202296257019043
2.678942918777466
2.6747848987579346
2.6827709674835205
2.661308765411377
2.590031147003174
2.6431071758270264
2.6323423385620117
2.6781888008117676
2.558276414871216
2.6608383655548096
2.681544542312622
2.5970840454101562
2.6968252658843994
2.7012956142425537
2.716423988342285
2.5656278133392334
2.635303497314453
2.6430015563964844
2.6020705699920654
2.6167848110198975
2.6683523654937744
2.7296981811523438
2.6912317276000977
2.614384412765503
2.6252503395080566
2.6247000694274902
2.6102895736694336
2.62347412109375
2.6046855449676514
2.666139841079712
2.653289318084717
2.617216110229492
2.6590957641601562
2.6224758625030518
2.6703438758850098
2.6419477462768555
2.6135666370391846
2.6313316822052
2.650623083114624
2.5873072147369385
2.625988245010376
2.6507151126861572
2.6008827686309814
2.646089553833008
2.5815165042877197
2.6548354625701904
2.620816230773926
2.6526029109954834
2.6286556720733643
2.695289134979248
2.647394895553589
2.6545534133911133
2.619220018386841
2.687162399291992
2.615530490875244
2.6477086544036865
2.677170991897583
2.642120838165283
2.6519646644592285
2.585987091064453
2.6220483779907227
2.6029887199401855
2.6636838912963867
2.7075350284576416
2.5888941287994385
2.6515557765960693
2.652895927429199
2.578709363937378
2.6865181922912598
2.598750591278076
2.586348295211792
2.6164042949676514
2.5245165824890137
2.5961623191833496
2.6346843242645264
2.6014692783355713
2.6340079307556152
2.6244311332702637
2.5868265628814697
2.663393020629883
2.6222763061523438
2.57283353805542
2.6773571968078613
2.59576153755188
2.5756642818450928
2.621117353439331
2.6370396614074707
2.587249279022217
2.596729278564453
2.61555552482605
2.6332855224609375
2.6475703716278076
2.641037940979004
2.589273691177368
2.5646238327026367
2.550008535385132
2.61297607421875
2.616332769393921
2.5809340476989746
2.5976738929748535
2.5861940383911133
2.6267471313476562
2.612586736679077
2.621713876724243
2.564680576324463
2.5925915241241455
2.6021716594696045
2.5642576217651367
2.5819919109344482
2.5780539512634277
2.6459200382232666
2.5513274669647217
2.5858993530273438
2.5645697116851807
2.6188650131225586
2.5571255683898926
2.5829381942749023
2.587608575820923
2.670060873031616
2.5583200454711914
2.5783660411834717
2.652423143386841
2.5897724628448486
2.5533082485198975
2.6346945762634277
2.595263719558716
2.522958517074585
2.546658992767334
2.604146718978882
2.5586864948272705
2.5628888607025146
2.5765490531921387
2.5424249172210693
2.5389349460601807
2.6409218311309814
2.568042039871216
2.5169167518615723
2.600713014602661
2.5402379035949707
2.6184136867523193
2.5651400089263916
2.5150609016418457
2.597351312637329
2.5691683292388916
2.5485241413116455
2.6002726554870605
2.583961009979248
2.531639337539673
2.5822677612304688
2.6181232929229736
2.5209968090057373
2.6332435607910156
2.5380284786224365
2.6038639545440674
2.5472989082336426
2.5934131145477295
2.5327069759368896
2.595184564590454
2.5418269634246826
2.6294755935668945
2.578383684158325
2.5879151821136475
2.4458327293395996
2.54548716545105
2.5695345401763916
2.575578451156616
2.5840649604797363
2.5132553577423096
2.5689444541931152
2.558789014816284
2.5678138732910156
2.6153759956359863
2.5270919799804688
2.537356376647949
2.4937500953674316
2.524747610092163
2.6091501712799072
2.5572094917297363
2.592127799987793
2.4884955883026123
2.4981329441070557
2.5578532218933105
2.569300889968872
2.5713586807250977
2.518354654312134
2.5848493576049805
2.5126125812530518
2.4936578273773193
2.530082941055298
2.4928479194641113
2.603013515472412
2.5573503971099854
2.5189387798309326
2.520481824874878
2.5653109550476074
2.545447826385498
2.5500857830047607
2.5532665252685547
2.5889761447906494
2.5744011402130127
2.473776340484619
2.5416007041931152
2.5104825496673584
2.5913658142089844
2.5570571422576904
2.560516357421875
2.6164023876190186
2.5657742023468018
2.535693645477295
2.5493392944335938
2.490046501159668
2.5230441093444824
2.5429368019104004
2.570044755935669
2.498624324798584
2.5609333515167236
2.4901177883148193
2.5608813762664795
2.59902286529541
2.6022536754608154
2.5443787574768066
2.5829930305480957
2.515909433364868
2.587510585784912
2.5134685039520264
2.590327739715576
2.5539021492004395
2.5323805809020996
2.5093624591827393
2.4988603591918945
2.4943747520446777
2.509004831314087
2.523257255554199
2.510279893875122
2.554093360900879
2.4650204181671143
2.450949192047119
2.4956276416778564
2.6039514541625977
2.5128509998321533
2.5597612857818604
2.5391311645507812
2.505878210067749
2.578113317489624
2.4713151454925537
2.542358636856079
2.464590311050415
2.4996070861816406
2.4724369049072266
2.4759771823883057
2.4560036659240723
2.515073776245117
2.460414409637451
2.5945756435394287
2.496107339859009
2.4826583862304688
2.4786643981933594
2.5385901927948
2.5106422901153564
2.5373129844665527
2.468022108078003
2.522724151611328
2.516674041748047
2.513984441757202
2.5125088691711426
2.461500883102417
2.441251277923584
2.5216846466064453
2.4886109828948975
2.465157985687256
2.509009599685669
2.5530526638031006
2.475217342376709
2.4823195934295654
2.4772260189056396
2.465369939804077
2.5088000297546387
2.4588074684143066
2.4546632766723633
2.5159897804260254
2.47807240486145
2.5213053226470947
2.561936378479004
2.559015989303589
2.524207592010498
2.5167582035064697
2.5549559593200684
2.5118842124938965
2.5044667720794678
2.5298428535461426
2.4540855884552
2.5501673221588135
2.509582281112671
2.4811649322509766
2.4027421474456787
2.5735766887664795
2.48881459236145
2.544797420501709
2.5272011756896973
2.584282875061035
2.4220101833343506
2.503291368484497
2.5146939754486084
2.5102977752685547
2.483548402786255
2.464308738708496
2.497282028198242
2.442173719406128
2.510401487350464
2.4599411487579346
2.4241273403167725
2.456700086593628
2.427795648574829
2.4977283477783203
2.48762583732605
2.475116014480591
2.53529691696167
2.4729349613189697
2.42783784866333
2.5557682514190674
2.415285110473633
2.452258825302124
2.4357330799102783
2.465456962585449
2.4215245246887207
2.477161169052124
2.483837366104126
2.4025955200195312
2.4763920307159424
2.4853901863098145
2.4982237815856934
2.407283067703247
2.4961092472076416
2.4170377254486084
2.404850721359253
2.528324842453003
2.4690001010894775
2.466343641281128
2.426405906677246
2.506068706512451
2.476231575012207
2.4495785236358643
2.490567207336426
2.4379723072052
2.4412877559661865
2.4479310512542725
2.503579616546631
2.4381279945373535
2.453679323196411
2.519819736480713
2.4462904930114746
2.4183948040008545
2.4607784748077393
2.4879233837127686
2.477328062057495
2.430406332015991
2.400974988937378
2.483593702316284
2.4430792331695557
2.4353785514831543
2.4921724796295166
2.434056043624878
2.403416156768799
2.5038304328918457
2.392812728881836
2.492588758468628
2.415847063064575
2.470207452774048
2.4399051666259766
2.458498239517212
2.431187152862549
2.416356086730957
2.4260127544403076
2.407897472381592
2.478364944458008
2.4098150730133057
2.408141613006592
2.4432733058929443
2.5101935863494873
2.518770694732666
2.4064769744873047
2.490419387817383
2.3790175914764404
2.4413716793060303
2.4171743392944336
2.443735361099243
2.4891228675842285
2.4784700870513916
2.3834152221679688
2.540290594100952
2.387894630432129
2.3998780250549316
2.4725284576416016
2.479407548904419
2.4598536491394043
2.481456995010376
2.4524941444396973
2.363020181655884
2.4192237854003906
2.478886604309082
2.462916851043701
2.4681758880615234
2.4294698238372803
2.4334452152252197
2.4943549633026123
2.389477252960205
2.4618148803710938
2.4438986778259277
2.4512720108032227
2.4033331871032715
2.479177236557007
2.4001119136810303
2.5072271823883057
2.472649335861206
2.410179615020752
2.4968011379241943
2.4381191730499268
2.4479563236236572
2.5095643997192383
2.4413836002349854
2.4547247886657715
2.442230224609375
2.4027366638183594
2.433938503265381
2.537550210952759
2.3721630573272705
2.4537816047668457
2.5120537281036377
2.425060987472534
2.4453506469726562
2.3851850032806396
2.5163094997406006
2.416630506515503
2.376701831817627
2.3935556411743164
2.4092233180999756
2.419233798980713
2.3947763442993164
2.384243965148926
2.4049081802368164
2.404219388961792
2.3895294666290283
2.3944056034088135
2.416268825531006
2.416100263595581
2.380250930786133
2.3952484130859375
2.4361801147460938
2.423194169998169
2.3781862258911133
2.360201835632324
2.441181182861328
2.449517250061035
2.3689088821411133
2.4092562198638916
2.4006264209747314
2.4359054565429688
2.436383008956909
2.4381039142608643
2.408844470977783
2.4554460048675537
2.4502782821655273
2.3710670471191406
2.4196910858154297
2.387913227081299
2.376913547515869
2.3853564262390137
2.471318483352661
2.429572343826294
2.3938281536102295
2.39739727973938
2.4192955493927
2.4098901748657227
2.405093193054199
2.401113510131836
2.353421688079834
2.4327831268310547
2.399082899093628
2.4041857719421387
2.408966302871704
2.397739887237549
2.4020090103149414
2.3739640712738037
2.3638811111450195
2.402449131011963
2.3776602745056152
2.395975351333618
2.39847469329834
2.336017370223999
2.471214532852173
2.382258415222168
2.3997504711151123
2.4095382690429688
2.3222622871398926
2.389747142791748
2.374316453933716
2.3158278465270996
2.365865707397461
2.429236888885498
2.418593168258667
2.36960768699646
2.3800671100616455
2.402992010116577
2.33475923538208
2.401390790939331
2.3873138427734375
2.3895084857940674
2.353090524673462
2.4387786388397217
2.462895631790161
2.3713834285736084
2.3712759017944336
2.388307571411133
2.392887830734253
2.3610823154449463
2.426689624786377
2.397015333175659
2.350724697113037
2.4263010025024414
2.447216033935547
2.397395372390747
2.333871364593506
2.3311357498168945
2.3566246032714844
2.351278781890869
2.3583881855010986
2.321906089782715
2.35658597946167
2.3604342937469482
2.456833839416504
2.3238754272460938
2.3834593296051025
2.35203218460083
2.3269834518432617
2.4062156677246094
2.383502960205078
2.343857526779175
2.2810256481170654
2.3413572311401367
2.333057165145874
2.3458945751190186
2.3329482078552246
2.314404010772705
2.395132064819336
2.3693041801452637
2.315190553665161
2.363596200942993
2.3871991634368896
2.4225378036499023
2.3428964614868164
2.4726133346557617
2.3591184616088867
2.3689239025115967
2.355459213256836
2.3460323810577393
2.4244794845581055
2.3518478870391846
2.3442416191101074
2.326031446456909
2.4079132080078125
2.311161756515503
2.3120834827423096
2.405468702316284
2.332900047302246
2.2934608459472656
2.2904131412506104
2.37540602684021
2.412271499633789
2.3706886768341064
2.3574070930480957
2.360297441482544
2.3289794921875
2.383547782897949
2.3668863773345947
2.338919162750244
2.322751045227051
2.3975830078125
2.3573148250579834
2.38602614402771
2.3813884258270264
2.311138868331909
2.3262031078338623
2.359644651412964
2.2935099601745605
2.3212125301361084
2.319547414779663
2.35974383354187
2.387542486190796
2.3647916316986084
2.345341682434082
2.329198122024536
2.4254300594329834
2.2980847358703613
2.3564326763153076
2.3128957748413086
2.4085752964019775
2.372893810272217
2.3296351432800293
2.3638534545898438
2.3527865409851074
2.331310272216797
2.3193187713623047
2.283287525177002
2.312195301055908
2.3864059448242188
2.3312292098999023
2.283360004425049
2.344460964202881
2.2798116207122803
2.351499557495117
2.380300760269165
2.2860870361328125
2.348001480102539
2.273428440093994
2.3173890113830566
2.3694655895233154
2.351372241973877
2.303840398788452
2.363579034805298
2.344019651412964
2.312969207763672
2.2956860065460205
2.3340418338775635
2.31170392036438
2.3356902599334717
2.349893569946289
2.3174898624420166
2.341170072555542
2.335902690887451
2.3045294284820557
2.319607973098755
2.338204860687256
2.263929605484009
2.332505464553833
2.3216707706451416
2.29630184173584
2.317005157470703
2.347330093383789
2.3180651664733887
2.340254783630371
2.3057608604431152
2.350590229034424
2.316788673400879
2.335855007171631
2.355119228363037
2.323936700820923
2.320394992828369
2.317047595977783
2.295196056365967
2.3490335941314697
2.317300319671631
2.289524555206299
2.296157121658325
2.330493211746216
2.3210437297821045
2.3573944568634033
2.3393168449401855
2.2703919410705566
2.3453338146209717
2.319136381149292
2.2867040634155273
2.38735294342041
2.3286750316619873
2.332435131072998
2.2443630695343018
2.278230905532837
2.3040990829467773
2.2928719520568848
2.3023898601531982
2.315598249435425
2.3081908226013184
2.30548095703125
2.3160319328308105
2.270409107208252
2.3174238204956055
2.3195648193359375
2.279677391052246
2.269233226776123
2.2881689071655273
2.2725815773010254
2.354614734649658
2.285618543624878
2.304577589035034
2.260998010635376
2.337239980697632
2.30702543258667
2.318484306335449
2.233691453933716
2.2582719326019287
2.308358907699585
2.278020143508911
2.2267332077026367
2.269742727279663
2.411341667175293
2.289339780807495
2.286107063293457
2.345656394958496
2.2870945930480957
2.299915075302124
2.3517227172851562
2.302452802658081
2.3433711528778076
2.2952001094818115
2.301020860671997
2.2577123641967773
2.2714602947235107
2.2763030529022217
2.275167226791382
2.3597571849823
2.291043519973755
2.2501931190490723
2.2861440181732178
2.2606520652770996
2.2687220573425293
2.3298208713531494
2.31828236579895
2.2571091651916504
2.2714874744415283
2.258850336074829
2.2546510696411133
2.2853264808654785
2.363999605178833
2.2915327548980713
2.3109946250915527
2.276207447052002
2.2713534832000732
2.2806999683380127
2.247255325317383
2.282794237136841
2.3265113830566406
2.2890634536743164
2.2746498584747314
2.2230441570281982
2.2301697731018066
2.3667242527008057
2.2570388317108154
2.306389093399048
2.2544002532958984
2.292851448059082
2.3179144859313965
2.2948923110961914
2.3341176509857178
2.316063642501831
2.2640435695648193
2.2712459564208984
2.262495279312134
2.2354440689086914
2.1934947967529297
2.311767101287842
2.2799949645996094
2.2576000690460205
2.3003270626068115
2.2218310832977295
2.227384328842163
2.22953462600708
2.3066117763519287
2.271226167678833
2.210881233215332
2.251984119415283
2.286834478378296
2.165125846862793
2.243072271347046
2.243494749069214
2.24672532081604
2.309919595718384
2.246211528778076
2.288036346435547
2.2499122619628906
2.2420079708099365
2.261892080307007
2.241959810256958
2.2417192459106445
2.2304441928863525
2.23945951461792
2.212808609008789
2.2905631065368652
2.2572808265686035
2.2912535667419434
2.283034086227417
2.2643866539001465
2.2597296237945557
2.2148637771606445
2.239318370819092
2.2218573093414307
2.299525499343872
2.276642322540283
2.24727463722229
2.253788709640503
2.2632641792297363
2.273998498916626
2.3215551376342773
2.263887882232666
2.2172110080718994
2.258573055267334
2.274998664855957
2.257671356201172
2.2720484733581543
2.2074244022369385
2.33774733543396
2.2309751510620117
2.2304859161376953
2.2363955974578857
2.283437967300415
2.242093086242676
2.2777605056762695
2.242170810699463
2.2140159606933594
2.2867109775543213
2.2630820274353027
2.275172710418701
2.2215449810028076
2.2163071632385254
2.2666797637939453
2.2309131622314453
2.232863187789917
2.2458231449127197
2.2862565517425537
2.2831523418426514
2.2325360774993896
2.232438325881958
2.2828166484832764
2.242072343826294
2.2555205821990967
2.265995502471924
2.25192928314209
2.2239859104156494
2.2494800090789795
2.2653894424438477
2.223456382751465
2.253788709640503
2.2121264934539795
2.2733876705169678
2.27958607673645
2.2563180923461914
2.2219953536987305
2.220651626586914
2.2046971321105957
2.23820161819458
2.211369276046753
2.230309009552002
2.2123982906341553
2.2709908485412598
2.2423245906829834
2.252817392349243
2.2477645874023438
2.2481892108917236
2.207237958908081
2.2251439094543457
2.2351129055023193
2.2251110076904297
2.170640707015991
2.2315685749053955
2.2983274459838867
2.2377734184265137
2.275740146636963
2.2520062923431396
2.222430467605591
2.285944938659668
2.2106544971466064
2.2292251586914062
2.224729537963867
2.2124409675598145
2.250858783721924
2.1737899780273438
2.2991793155670166
2.246722936630249
2.198136568069458
2.1741247177124023
2.159817695617676
2.161949872970581
2.2222859859466553
2.2244908809661865
2.2447383403778076
2.2253620624542236
2.215799570083618
2.225109815597534
2.2480273246765137
2.176257848739624
2.213848829269409
2.210036277770996
2.2107768058776855
2.227060556411743
2.2885236740112305
2.2599074840545654
2.2085840702056885
2.200465679168701
2.1632533073425293
2.1647491455078125
2.1893162727355957
2.1953837871551514
2.2210123538970947
2.2420449256896973
2.193985939025879
2.221691608428955
2.231900930404663
2.254728078842163
2.1388330459594727
2.2093989849090576
2.2489664554595947
2.181049346923828
2.2346017360687256
2.192837953567505
2.214617967605591
2.2081596851348877
2.206920623779297
2.197683095932007
2.1752049922943115
2.198241710662842
2.1876704692840576
2.191042184829712
2.1977336406707764
2.293104648590088
2.251523733139038
2.2438864707946777
2.15860915184021
2.1887125968933105
2.1922197341918945
2.217885732650757
2.2043001651763916
2.175004482269287
2.1999094486236572
2.2092766761779785
2.158766031265259
2.1866989135742188
2.1896462440490723
2.162966251373291
2.2222421169281006
2.1843886375427246
2.2295448780059814
2.2166640758514404
2.134335517883301
2.137667417526245
2.177307367324829
2.1872262954711914
2.17348313331604
2.230536699295044
2.189563751220703
2.218294620513916
2.2135825157165527
2.2338972091674805
2.211954355239868
2.177830696105957
2.2592296600341797
2.1459543704986572
2.175241470336914
2.1809287071228027
2.155142307281494
2.193899154663086
2.1268413066864014
2.1614956855773926
2.149376153945923
2.167067766189575
2.191016674041748
2.217852830886841
2.2017033100128174
2.2084596157073975
2.2078356742858887
2.1625325679779053
2.2315661907196045
2.194077253341675
2.1887238025665283
2.1732466220855713
2.168821334838867
2.2395215034484863
2.1476552486419678
2.1702144145965576
2.1886203289031982
2.1550967693328857
2.1347708702087402
2.1568996906280518
2.167783737182617
2.1735153198242188
2.1502509117126465
2.1563377380371094
2.2121994495391846
2.213724136352539
2.122912883758545
2.135004758834839
2.138964891433716
2.160820960998535
2.1555848121643066
2.175640106201172
2.1786084175109863
2.206559419631958
2.2064003944396973
2.1648318767547607
2.1784579753875732
2.2060883045196533
2.168116569519043
2.199265718460083
2.1297049522399902
2.1657607555389404
2.1356582641601562
2.1742238998413086
2.1980879306793213
2.14564847946167
2.14224910736084
2.1933388710021973
2.1308634281158447
2.1367270946502686
2.1644957065582275
2.1403183937072754
2.16825795173645
2.2676613330841064
2.181337833404541
2.199849843978882
2.204765558242798
2.1322834491729736
2.196401596069336
2.1770496368408203
2.107656717300415
2.197359085083008
2.2054245471954346
2.136326789855957
2.1745615005493164
2.146501302719116
2.158635139465332
2.1547985076904297
2.1495606899261475
2.220393180847168
2.122131586074829
2.1618871688842773
2.1312592029571533
2.16909122467041
2.1909117698669434
2.1290907859802246
2.201430559158325
2.166774272918701
2.117278575897217
2.187087059020996
2.16410493850708
2.1209137439727783
2.1448709964752197
2.1700637340545654
2.127973794937134
2.164125919342041
2.1680333614349365
2.1540515422821045
2.136845588684082
2.0951216220855713
2.0949816703796387
2.1373517513275146
2.156877040863037
2.120136260986328
2.1595444679260254
2.1709353923797607
2.14937162399292
2.1826589107513428
2.1226115226745605
2.1521782875061035
2.169219970703125
2.1903274059295654
2.1543920040130615
2.1225626468658447
2.180549144744873
2.1109025478363037
2.1563515663146973
2.1781065464019775
2.1882519721984863
2.127328395843506
2.1416923999786377
2.149125814437866
2.125316858291626
2.1607348918914795
2.1655900478363037
2.166395664215088
2.1375253200531006
2.112119436264038
2.1383495330810547
2.1403510570526123
2.0459020137786865
2.1480705738067627
2.1585967540740967
2.111388921737671
2.108875036239624
2.118410110473633
2.127284049987793
2.095811605453491
2.1327455043792725
2.1709702014923096
2.171015739440918
2.1186933517456055
2.099949598312378
2.200666666030884
2.1220030784606934
2.089515209197998
2.1363701820373535
2.118570327758789
2.0844786167144775
2.1543006896972656
2.151455879211426
2.1515426635742188
2.1343297958374023
2.1161131858825684
2.1328508853912354
2.1189849376678467
2.161482810974121
2.197641134262085
2.1005380153656006
2.1021459102630615
2.1665735244750977
2.1558964252471924
2.1047823429107666
2.0848307609558105
2.106290102005005
2.1483755111694336
2.1257641315460205
2.2108731269836426
2.184950828552246
2.1019186973571777
2.069934844970703
2.0853092670440674
2.1326048374176025
2.0893139839172363
2.21256160736084
2.123211145401001
2.1406936645507812
2.1450858116149902
2.0726613998413086
2.1631391048431396
2.1370513439178467
2.1343576908111572
2.096480131149292
2.0994770526885986
2.0735654830932617
2.1007354259490967
2.116150140762329
2.1147005558013916
2.1030359268188477
2.0995395183563232
2.134533166885376
2.120913505554199
2.118253707885742
2.095189094543457
2.1297123432159424
2.0829555988311768
2.1321704387664795
2.088007688522339
2.096684455871582
2.1307783126831055
2.1567370891571045
2.115570545196533
2.0639097690582275
2.09086012840271
2.085422992706299
2.0934247970581055
2.112830638885498
2.0781166553497314
2.106003522872925
2.1366567611694336
2.154658555984497
2.1224405765533447
2.134904384613037
2.1325700283050537
2.0727548599243164
2.109999418258667
2.131169080734253
2.1417953968048096
2.1353631019592285
2.0835390090942383
2.117518186569214
2.134949207305908
2.1687536239624023
2.094952344894409
2.148867607116699
2.0912773609161377
2.124804973602295
2.131901741027832
2.09779691696167
2.118190288543701
2.094865083694458
2.1259467601776123
2.090599298477173
2.1248779296875
2.0783708095550537
2.178135871887207
2.1341912746429443
2.1056149005889893
2.1026432514190674
2.0739963054656982
2.1334729194641113
2.051605224609375
2.0996038913726807
2.1861135959625244
2.154405355453491
2.0748164653778076
2.104125499725342
2.109407901763916
2.1149895191192627
2.0672662258148193
2.0767345428466797
2.0663187503814697
2.1065070629119873
2.0775198936462402
2.0640580654144287
2.0805275440216064
2.0936520099639893
2.1140482425689697
2.1025781631469727
2.096315622329712
2.1051628589630127
2.0908052921295166
2.127781867980957
2.0652012825012207
2.0623557567596436
2.108980894088745
2.0816845893859863
2.098881959915161
2.065760374069214
2.078496217727661
2.1543145179748535
2.106196165084839
2.1340372562408447
2.0768609046936035
2.163020133972168
2.0911083221435547
2.15083909034729
2.0689361095428467
2.1123507022857666
2.0915098190307617
2.1004180908203125
2.0662224292755127
2.082031011581421
2.0963919162750244
2.0659282207489014
2.1073789596557617
2.0721752643585205
2.0856082439422607
2.0671069622039795
2.065786123275757
2.082847833633423
2.065708637237549
2.033975601196289
2.0872933864593506
2.076955795288086
2.1014926433563232
2.0674118995666504
2.0883703231811523
2.074012041091919
2.0818986892700195
2.121703624725342
2.1405534744262695
2.0923492908477783
2.0765111446380615
2.1244702339172363
2.060624599456787
2.0499730110168457
2.1323299407958984
2.0968096256256104
2.1203792095184326
2.043757915496826
2.050262451171875
2.0801901817321777
2.024951457977295
2.0924599170684814
2.0706589221954346
2.0815675258636475
2.086221933364868
2.0571742057800293
2.0541799068450928
2.093533754348755
2.052640438079834
2.0125746726989746
2.0648810863494873
2.079862117767334
2.065457582473755
2.065183401107788
2.0690054893493652
2.005970001220703
2.079761266708374
2.027958393096924
2.0892627239227295
2.044381618499756
2.096625328063965
2.1096174716949463
2.0449302196502686
2.0589442253112793
2.0572855472564697
2.0347108840942383
2.0336012840270996
2.0559306144714355
2.051072835922241
2.0998382568359375
2.0522701740264893
2.0743637084960938
2.0532712936401367
2.044921636581421
2.104947328567505
2.0749754905700684
2.0117149353027344
2.042703866958618
2.103955030441284
2.062089681625366
2.043668270111084
2.0329391956329346
2.083679676055908
2.100877523422241
2.0650296211242676
2.0497686862945557
2.0487301349639893
2.0931296348571777
2.0559561252593994
2.0297629833221436
2.0875980854034424
2.041022777557373
2.083104133605957
2.075712203979492
2.069225311279297
2.0852558612823486
2.0359208583831787
2.1209375858306885
2.072427749633789
2.0661494731903076
2.040767192840576
2.029705286026001
2.017676591873169
2.0437448024749756
2.0426158905029297
2.060253381729126
2.045491933822632
1.997481346130371
2.0451607704162598
2.059025287628174
2.0441782474517822
2.0374972820281982
2.0710933208465576
2.0682613849639893
2.034507989883423
2.06286883354187
2.0626578330993652
2.063530921936035
2.042233943939209
2.0144505500793457
2.1226751804351807
2.029388427734375
2.050121784210205
2.0243871212005615
2.0647218227386475
2.0735790729522705
2.0469040870666504
2.0455617904663086
1.9958255290985107
2.0217831134796143
2.040282726287842
2.0485689640045166
2.00466251373291
2.0577054023742676
2.0271143913269043
2.028596878051758
2.0437142848968506
2.0613725185394287
2.0209553241729736
2.032367706298828
2.043550968170166
1.9978190660476685
2.00931715965271
2.0128371715545654
2.0523223876953125
2.0515365600585938
2.0245745182037354
2.0280821323394775
2.0411837100982666
2.061159133911133
2.019649028778076
2.033731460571289
2.071424961090088
1.9884814023971558
2.0454723834991455
2.069810152053833
1.9901374578475952
2.0929322242736816
1.9674729108810425
1.989404320716858
1.9915598630905151
2.0419750213623047
2.043797016143799
2.0221970081329346
2.01786208152771
2.0288872718811035
2.0359256267547607
2.028578281402588
2.0296285152435303
1.9913791418075562
1.9833199977874756
2.0706794261932373
2.009342670440674
2.021221160888672
2.0568275451660156
2.045124053955078
2.04439115524292
2.017503023147583
1.9933706521987915
1.9987937211990356
2.063889265060425
2.033855676651001
2.0187296867370605
2.0254764556884766
2.016932964324951
2.0258395671844482
2.0355498790740967
2.0234243869781494
2.038909673690796
2.006186008453369
2.0335476398468018
2.045738697052002
2.064420700073242
2.0219244956970215
2.0486738681793213
2.050553798675537
2.0397589206695557
2.0398125648498535
1.959356665611267
2.020968198776245
2.0317208766937256
2.0322508811950684
2.0209081172943115
2.037250280380249
1.9904026985168457
1.9854336977005005
2.0035033226013184
2.015970230102539
2.020294427871704
2.0758516788482666
2.023848056793213
2.007937431335449
2.0959484577178955
2.0043065547943115
2.048764228820801
2.014874219894409
2.0085394382476807
2.021775484085083
2.040205478668213
2.035226821899414
2.011009931564331
2.041313409805298
2.0252864360809326
2.068519115447998
1.9590840339660645
1.9648587703704834
1.9999730587005615
2.0156760215759277
2.0589029788970947
2.0207557678222656
1.971205234527588
2.0246129035949707
2.009909152984619
2.0703389644622803
2.0274574756622314
2.0142669677734375
2.027710437774658
2.0145323276519775
2.0133607387542725
2.02347993850708
2.033186674118042
1.996186375617981
1.980396032333374
2.002683639526367
2.0046184062957764
1.9593526124954224
1.9928128719329834
2.0598485469818115
1.9853249788284302
2.0634396076202393
1.9701648950576782
2.0353474617004395
2.0210185050964355
1.9812520742416382
2.0053155422210693
2.004028081893921
2.005291223526001
1.999358892440796
1.982354998588562
2.027909278869629
2.0117292404174805
1.9954391717910767
2.0353453159332275
2.009589672088623
2.0457603931427
1.9673711061477661
2.0420522689819336
2.02514910697937
2.0396511554718018
1.99281644821167
1.999657392501831
1.9709134101867676
1.997484564781189
1.9642021656036377
1.9960154294967651
2.027655839920044
1.9598712921142578
2.041728973388672
1.976887583732605
2.021148681640625
1.982642412185669
2.0367510318756104
2.0069475173950195
1.991288185119629
2.0196805000305176
2.000288248062134
2.026850938796997
2.0244357585906982
1.9764771461486816
1.9953051805496216
1.9414805173873901
2.0251243114471436
1.9441449642181396
1.9827747344970703
2.0387771129608154
2.045753240585327
1.97976815700531
1.9738094806671143
1.96038019657135
1.9740946292877197
2.005244493484497
1.9493037462234497
2.0137441158294678
1.9903141260147095
1.9327404499053955
2.0024545192718506
2.0266289710998535
1.9738773107528687
1.9431155920028687
1.9569323062896729
1.9907276630401611
1.9619381427764893
2.0108482837677
2.0005013942718506
2.0157716274261475
1.9793497323989868
1.9729573726654053
2.0420355796813965
2.0088977813720703
2.0076591968536377
1.9507242441177368
2.0667827129364014
1.984750509262085
1.963028907775879
2.0555009841918945
1.9594517946243286
1.9744892120361328
1.987170696258545
1.9894979000091553
1.970643401145935
1.9568145275115967
1.9809894561767578
1.9731910228729248
1.962221384048462
1.9761295318603516
1.9939178228378296
1.940305471420288
1.9750146865844727
1.9490753412246704
1.9955376386642456
1.9762510061264038
2.0011181831359863
1.9654666185379028
1.97844398021698
1.9846457242965698
1.964257836341858
1.9605849981307983
1.9638009071350098
1.987731695175171
1.9512683153152466
1.9203706979751587
1.9265226125717163
1.9767935276031494
2.0113909244537354
2.018059492111206
1.9920107126235962
1.9675565958023071
1.9332289695739746
1.9643003940582275
1.9461205005645752
1.9954452514648438
1.9727391004562378
1.9399532079696655
1.9335166215896606
1.9942320585250854
1.9733237028121948
1.9682705402374268
2.0102975368499756
1.9636584520339966
1.9383348226547241
1.9931278228759766
1.921381950378418
1.9644896984100342
1.9664937257766724
1.9890128374099731
1.9622423648834229
1.983013391494751
1.9504848718643188
1.9230725765228271
1.9433341026306152
1.9350460767745972
1.9401614665985107
1.9254920482635498
1.9405043125152588
2.008641242980957
1.9840189218521118
1.9298783540725708
1.9489001035690308
1.9419593811035156
1.964520812034607
1.948768973350525
2.003554582595825
1.9721782207489014
1.9545283317565918
1.9840259552001953
1.9282461404800415
1.9630634784698486
1.9554013013839722
1.9423847198486328
1.9650541543960571
1.9280346632003784
1.9384557008743286
1.987204670906067
1.972172737121582
1.9395191669464111
1.9702568054199219
1.966557502746582
1.9465100765228271
1.923648715019226
1.9865471124649048
1.9403432607650757
1.9192217588424683
1.9614530801773071
1.9725443124771118
1.9343712329864502
1.9950098991394043
1.9466285705566406
1.957870364189148
1.9789249897003174
1.9935458898544312
1.9626225233078003
1.9596222639083862
1.985112190246582
1.9181127548217773
1.983803153038025
1.9783949851989746
1.944544792175293
1.9216641187667847
1.8977656364440918
1.9414457082748413
1.9247242212295532
1.9302681684494019
1.9268678426742554
1.9268032312393188
1.8907971382141113
1.928919792175293
1.9640300273895264
1.948887586593628
1.947944164276123
1.9368889331817627
1.9064027070999146
1.9912117719650269
1.9116288423538208
1.9672315120697021
1.9765115976333618
1.9267785549163818
1.9595128297805786
1.9562147855758667
1.981855869293213
1.9453037977218628
1.9427518844604492
1.9322879314422607
1.9671998023986816
1.9253166913986206
1.9312180280685425
1.906929612159729
1.9494378566741943
1.9054838418960571
1.9109859466552734
1.935145616531372
1.9107978343963623
1.8987114429473877
1.9081897735595703
1.9495617151260376
1.967977523803711
1.9582628011703491
1.9513170719146729
1.9398998022079468
1.9292223453521729
1.9588725566864014
1.9311610460281372
1.9275420904159546
1.9314308166503906
1.941091775894165
1.9279468059539795
1.9390146732330322
1.9623134136199951
1.9349490404129028
1.9370132684707642
1.919277548789978
1.99301278591156
1.926364541053772
1.932250738143921
1.9437810182571411
1.9451415538787842
1.9268404245376587
1.9852666854858398
1.9609023332595825
1.9276106357574463
1.9714545011520386
1.9330782890319824
1.9689618349075317
1.909797191619873
1.9393784999847412
1.9175536632537842
1.9104002714157104
1.9561381340026855
1.8913207054138184
1.914880633354187
1.9260942935943604
1.9080337285995483
1.9187620878219604
1.9684083461761475
1.9283355474472046
1.9628547430038452
1.9699122905731201
1.9351149797439575
1.9431322813034058
1.889775276184082
1.9216848611831665
1.9217716455459595
1.9411888122558594
1.9447563886642456
1.922013759613037
1.9353119134902954
1.9222725629806519
1.9198956489562988
1.9211828708648682
1.9479299783706665
1.8751970529556274
1.9399192333221436
1.9377740621566772
1.9804766178131104
1.9424519538879395
1.9369302988052368
1.9302864074707031
1.9105427265167236
1.913289189338684
1.9516420364379883
1.9278289079666138
1.9030886888504028
1.9285459518432617
