145.34783935546875
53.99118423461914
45.816776275634766
39.453121185302734
37.662662506103516
35.952449798583984
34.484230041503906
33.731563568115234
32.41301345825195
32.67156219482422
32.22073745727539
30.31934928894043
29.826547622680664
29.003925323486328
28.96200180053711
29.404685974121094
28.85993194580078
28.25054168701172
28.372621536254883
27.815349578857422
26.59762191772461
25.82521629333496
25.33315086364746
24.18400764465332
23.276748657226562
22.15391731262207
21.529850006103516
21.660585403442383
21.54507064819336
21.030179977416992
20.23927116394043
20.077402114868164
20.308881759643555
19.597488403320312
19.056184768676758
19.33810806274414
18.51007080078125
18.317068099975586
19.27140998840332
18.594106674194336
17.941478729248047
18.39089012145996
17.915822982788086
17.275266647338867
17.618885040283203
17.614084243774414
16.826208114624023
17.37084197998047
16.90158462524414
16.720142364501953
16.83517837524414
16.626110076904297
16.312807083129883
16.449970245361328
16.543304443359375
16.30003547668457
16.467687606811523
16.126131057739258
16.104915618896484
16.133214950561523
15.95783805847168
16.28350830078125
16.160282135009766
15.624568939208984
16.05166244506836
15.879995346069336
16.128795623779297
15.515953063964844
15.537553787231445
15.825701713562012
16.066675186157227
15.525148391723633
15.759509086608887
15.377771377563477
15.502681732177734
15.662007331848145
15.498883247375488
15.205425262451172
15.8651123046875
15.448473930358887
15.669697761535645
15.331487655639648
15.483518600463867
15.492033958435059
15.150568962097168
15.299758911132812
15.217853546142578
15.420926094055176
15.624480247497559
15.036479949951172
15.233013153076172
15.276660919189453
15.132183074951172
15.047547340393066
15.14337158203125
14.97054672241211
14.857250213623047
14.846928596496582
14.837472915649414
15.04002571105957
15.181998252868652
14.836772918701172
14.701102256774902
14.802225112915039
14.753644943237305
14.800047874450684
14.688202857971191
14.710312843322754
14.751830101013184
14.80690860748291
14.500458717346191
14.419878959655762
14.163110733032227
15.066182136535645
14.666915893554688
14.724934577941895
14.365242958068848
14.566873550415039
14.469522476196289
14.580404281616211
14.56401538848877
14.845059394836426
14.422646522521973
14.386098861694336
14.65336799621582
14.316514015197754
14.570405960083008
14.625417709350586
14.249489784240723
14.319233894348145
14.2133207321167
14.545002937316895
14.341422080993652
14.293949127197266
14.305643081665039
14.639396667480469
14.33233642578125
14.221506118774414
14.417248725891113
14.526220321655273
14.247740745544434
14.282011985778809
14.177620887756348
14.097904205322266
14.525752067565918
14.158549308776855
13.969019889831543
14.276490211486816
14.146918296813965
14.00326919555664
14.35290813446045
14.149211883544922
14.080288887023926
14.06493854522705
14.280745506286621
14.098559379577637
14.122957229614258
14.09677791595459
14.268806457519531
13.827579498291016
14.37784194946289
14.247404098510742
14.331864356994629
13.93266487121582
13.865639686584473
14.381781578063965
14.026545524597168
14.23923397064209
14.097043991088867
14.187108993530273
13.954739570617676
13.907551765441895
13.751883506774902
14.008037567138672
14.179301261901855
13.761155128479004
13.83831787109375
13.836651802062988
14.094627380371094
13.79107666015625
14.081104278564453
13.834689140319824
13.75851058959961
13.76726245880127
14.046273231506348
13.811355590820312
14.155920028686523
13.907936096191406
14.006401062011719
13.83455753326416
13.80822467803955
13.661066055297852
13.79172420501709
14.043105125427246
13.768450736999512
13.584230422973633
14.168886184692383
14.00503158569336
13.953970909118652
13.752082824707031
14.034085273742676
13.919809341430664
13.881364822387695
13.925492286682129
14.21207332611084
13.580756187438965
13.688762664794922
13.843271255493164
13.78036880493164
13.61754322052002
13.885581970214844
13.754742622375488
13.677719116210938
13.710077285766602
13.398350715637207
13.646602630615234
13.694243431091309
13.618208885192871
13.596656799316406
13.618974685668945
13.83621597290039
13.573304176330566
13.808945655822754
13.758074760437012
13.61630630493164
13.66765022277832
13.643465995788574
13.729710578918457
13.422000885009766
13.74697208404541
13.698174476623535
13.348429679870605
13.486306190490723
13.381233215332031
13.382490158081055
13.481284141540527
13.445592880249023
13.280234336853027
13.419812202453613
13.128801345825195
13.868337631225586
13.499650001525879
13.392168045043945
13.691011428833008
13.569231033325195
13.40323257446289
13.359557151794434
13.810144424438477
13.511241912841797
13.13128662109375
13.393279075622559
13.215461730957031
13.325439453125
13.41498851776123
13.483631134033203
13.21504020690918
13.6075439453125
13.315978050231934
13.362550735473633
13.445131301879883
13.131505966186523
13.301591873168945
13.379252433776855
13.297643661499023
13.42400074005127
13.438033103942871
13.50511646270752
13.220727920532227
13.158364295959473
13.298418045043945
13.1189603805542
13.403149604797363
13.416491508483887
13.397836685180664
13.159995079040527
13.48489761352539
13.496055603027344
13.650969505310059
13.261085510253906
13.05363655090332
13.445756912231445
13.261772155761719
13.429762840270996
13.262277603149414
13.163214683532715
13.073351860046387
13.506233215332031
13.261085510253906
13.092235565185547
13.133443832397461
13.189068794250488
13.154979705810547
13.111702919006348
13.15268325805664
13.002026557922363
12.990976333618164
13.310591697692871
12.857823371887207
13.320779800415039
13.074789047241211
13.078134536743164
12.819512367248535
13.044390678405762
13.063291549682617
13.164799690246582
13.117555618286133
12.918174743652344
12.822419166564941
12.92997932434082
12.782841682434082
12.809650421142578
12.480254173278809
13.059081077575684
12.474664688110352
12.840389251708984
12.758918762207031
13.085872650146484
12.836394309997559
12.90527629852295
12.547566413879395
12.95083236694336
12.829133987426758
12.555577278137207
12.850976943969727
12.847790718078613
12.601947784423828
12.485254287719727
12.537470817565918
12.510963439941406
12.965980529785156
12.756117820739746
12.513364791870117
12.730317115783691
12.676630020141602
12.699344635009766
12.741883277893066
12.654057502746582
12.372505187988281
12.916998863220215
12.431456565856934
12.376594543457031
12.137787818908691
12.387853622436523
12.532344818115234
12.346405982971191
12.25955867767334
12.354203224182129
12.169427871704102
12.278007507324219
12.60772705078125
12.186320304870605
12.38046932220459
12.588635444641113
12.41958236694336
12.400264739990234
12.282208442687988
12.508914947509766
12.100390434265137
12.208196640014648
12.16955852508545
12.391715049743652
12.214750289916992
11.909900665283203
12.118579864501953
12.236308097839355
11.739274024963379
12.002824783325195
11.907007217407227
12.259391784667969
12.188560485839844
12.181288719177246
11.838648796081543
11.990002632141113
12.26845645904541
11.867097854614258
12.081644058227539
11.882261276245117
11.859930038452148
11.745782852172852
11.874673843383789
11.85368537902832
11.471126556396484
11.629659652709961
11.61219596862793
12.069198608398438
11.693779945373535
11.865204811096191
11.708562850952148
11.801973342895508
11.53285026550293
11.689122200012207
11.796163558959961
11.776611328125
11.842662811279297
11.226563453674316
11.714996337890625
11.414482116699219
11.63446044921875
11.514327049255371
11.929159164428711
11.622441291809082
11.727950096130371
11.674182891845703
11.599318504333496
11.568623542785645
11.390419960021973
11.314522743225098
11.221875190734863
11.589040756225586
11.304608345031738
11.164900779724121
11.579349517822266
11.317280769348145
11.256104469299316
11.078773498535156
11.60073471069336
11.28409194946289
11.3152437210083
11.426756858825684
11.314504623413086
11.273077964782715
11.404095649719238
11.442729949951172
11.34866714477539
11.176188468933105
11.435717582702637
11.078903198242188
11.225945472717285
11.18960189819336
11.506143569946289
11.227690696716309
11.317590713500977
11.211116790771484
11.549775123596191
10.982990264892578
11.225972175598145
10.82075309753418
10.831475257873535
11.343803405761719
10.816812515258789
10.749472618103027
11.082443237304688
11.256240844726562
10.943954467773438
10.82264232635498
11.02536392211914
11.030943870544434
10.96480655670166
11.215761184692383
10.735206604003906
11.042750358581543
11.186907768249512
11.058815002441406
10.735934257507324
10.740721702575684
10.951970100402832
10.690784454345703
10.950620651245117
10.613730430603027
10.796784400939941
10.35396671295166
10.809732437133789
10.733257293701172
10.864842414855957
10.553483963012695
10.25784969329834
10.701464653015137
10.777585983276367
10.672097206115723
10.393643379211426
10.810583114624023
10.745864868164062
10.868731498718262
10.428997993469238
10.290950775146484
10.391739845275879
10.48719596862793
10.317331314086914
10.107309341430664
10.592134475708008
10.038047790527344
10.207852363586426
10.292234420776367
10.360307693481445
10.214935302734375
10.664627075195312
10.348958969116211
10.428789138793945
10.400323867797852
10.47635269165039
10.364912986755371
10.290543556213379
10.179555892944336
10.526650428771973
10.224411010742188
10.254363059997559
10.563835144042969
10.262874603271484
10.189107894897461
10.184371948242188
10.066779136657715
10.319355964660645
9.938368797302246
10.13670825958252
9.920659065246582
9.869669914245605
10.234683990478516
10.220416069030762
10.15774154663086
10.122695922851562
9.965957641601562
9.829302787780762
9.699667930603027
9.740386962890625
9.888788223266602
9.80220890045166
9.646136283874512
9.803338050842285
9.56532096862793
9.877610206604004
9.971903800964355
9.469660758972168
9.745305061340332
9.497247695922852
9.507864952087402
9.246801376342773
9.943037986755371
9.501850128173828
9.769437789916992
9.31788158416748
9.654990196228027
9.468559265136719
9.70149040222168
9.544824600219727
9.356335639953613
9.316648483276367
9.569100379943848
9.380409240722656
9.402130126953125
9.487765312194824
9.52819538116455
9.54529094696045
9.510979652404785
9.702577590942383
9.132704734802246
9.721567153930664
9.391031265258789
9.109029769897461
9.399467468261719
9.420920372009277
9.080364227294922
8.97597885131836
8.865461349487305
9.545016288757324
9.084491729736328
9.083893775939941
9.150195121765137
9.021349906921387
9.024325370788574
9.342082977294922
8.996806144714355
8.935420036315918
9.043229103088379
8.959319114685059
9.080439567565918
8.854508399963379
9.458236694335938
8.802634239196777
9.321532249450684
8.75822639465332
8.71700382232666
8.752965927124023
8.93206787109375
9.050808906555176
8.913893699645996
8.542196273803711
8.696608543395996
8.569634437561035
8.55377197265625
8.780373573303223
8.933226585388184
8.562433242797852
8.98083782196045
8.86392879486084
8.870675086975098
8.686810493469238
8.597042083740234
8.63258171081543
8.7716064453125
8.631348609924316
8.564593315124512
8.629416465759277
8.940051078796387
8.527148246765137
8.459188461303711
8.694657325744629
8.731595039367676
8.367547035217285
8.730602264404297
8.70904541015625
8.616708755493164
8.696154594421387
8.426958084106445
8.414761543273926
8.607356071472168
8.596899032592773
8.278499603271484
8.518526077270508
8.083415031433105
8.376873016357422
8.282681465148926
8.306885719299316
8.434958457946777
8.181504249572754
8.29377269744873
8.460256576538086
8.281342506408691
8.300247192382812
8.156770706176758
8.34284782409668
8.187868118286133
8.265423774719238
8.273272514343262
8.1777925491333
8.12183666229248
8.190437316894531
8.472501754760742
8.041216850280762
8.27733325958252
8.271251678466797
8.230259895324707
8.415583610534668
8.121344566345215
8.046778678894043
8.307456016540527
8.187426567077637
7.726948261260986
8.045242309570312
8.351029396057129
8.036653518676758
8.12558650970459
7.769275188446045
8.075746536254883
7.87075662612915
7.967467784881592
8.321179389953613
7.9301300048828125
8.327113151550293
7.775651454925537
7.992053985595703
7.860079288482666
8.038301467895508
8.011241912841797
8.007514953613281
7.917880058288574
7.963715076446533
8.21945571899414
7.821081161499023
7.6879801750183105
7.650162220001221
7.803068161010742
7.827485084533691
7.837357997894287
7.8532795906066895
7.885104656219482
7.830636024475098
7.782745838165283
7.899947643280029
8.014893531799316
7.818756103515625
7.92229700088501
8.12218189239502
7.96337890625
7.915605545043945
7.560196876525879
7.70533561706543
7.612626552581787
7.709132194519043
7.597537517547607
7.66937255859375
7.7072062492370605
7.616322994232178
7.643664360046387
7.469205856323242
7.571052074432373
7.494894981384277
7.503332614898682
7.657109260559082
7.469220161437988
7.563337326049805
7.423775672912598
7.517620086669922
7.544247150421143
7.512825012207031
7.667505741119385
7.654194355010986
7.2380571365356445
7.383480548858643
7.392198085784912
7.3317952156066895
7.66890811920166
7.394981384277344
7.5327911376953125
7.75175666809082
7.251314163208008
7.538197040557861
7.619786739349365
7.595706462860107
7.567679405212402
7.350481033325195
7.332635402679443
7.296393871307373
7.4416632652282715
7.355318546295166
7.149918556213379
7.424938678741455
7.240767955780029
6.974338531494141
7.44467306137085
7.343662738800049
7.515034198760986
7.167957305908203
7.353898525238037
7.237273693084717
6.965486526489258
7.256972312927246
7.267500877380371
7.241092681884766
7.188634872436523
7.231978416442871
7.238100528717041
7.046400547027588
7.04121208190918
7.184464454650879
7.395580768585205
7.051897048950195
6.968387603759766
7.212486267089844
7.142760753631592
7.099722385406494
6.993457317352295
7.063776016235352
7.373406887054443
7.340604305267334
6.865827560424805
6.9994683265686035
6.8546671867370605
7.2113423347473145
7.262328147888184
6.813445091247559
6.916688919067383
7.074468612670898
6.890738010406494
6.921509265899658
6.86698579788208
6.80644416809082
7.172634601593018
6.941040515899658
6.855976104736328
7.271669387817383
6.993067741394043
6.847513675689697
6.900076389312744
7.049311637878418
6.920149803161621
6.992997169494629
6.980247497558594
6.850307464599609
6.862432479858398
6.982999801635742
6.938043594360352
6.746389865875244
7.003264904022217
6.943434715270996
7.022353649139404
6.962092876434326
6.923579692840576
6.893628120422363
6.902735710144043
6.604473114013672
6.958513259887695
6.65725564956665
7.020074844360352
6.906332492828369
6.760096073150635
6.7452192306518555
6.81399393081665
6.750537872314453
6.93621826171875
6.941431999206543
6.708361625671387
6.527579307556152
6.610241889953613
6.926186561584473
6.824001312255859
6.7464599609375
6.686634540557861
6.804392337799072
6.911393642425537
6.749683380126953
6.465225696563721
6.684149742126465
6.66189432144165
6.588081359863281
6.7735795974731445
6.38972806930542
6.65620756149292
6.80642032623291
6.640549182891846
6.741436004638672
6.569672107696533
6.870115280151367
6.624797344207764
6.36885404586792
6.6339826583862305
6.647101402282715
6.920003414154053
6.566103458404541
6.495059967041016
6.281788349151611
6.352200508117676
6.61703634262085
6.563746929168701
6.582929611206055
6.329465389251709
6.4375410079956055
6.372603416442871
6.462482452392578
6.376620292663574
6.643782138824463
6.373439311981201
6.610267162322998
6.399931907653809
6.427395820617676
6.407402515411377
6.615026950836182
6.527430057525635
6.551473140716553
6.372642517089844
6.5119309425354
6.628749847412109
6.73518180847168
6.313415050506592
6.360204219818115
6.2190470695495605
6.311615943908691
6.313714504241943
6.109447002410889
6.506922721862793
6.130295276641846
6.464610576629639
6.514984607696533
6.268557548522949
6.107301235198975
6.492472171783447
6.130160808563232
6.184657573699951
6.113883972167969
6.348628520965576
6.2142205238342285
6.360162258148193
6.3108439445495605
6.309052467346191
6.173694610595703
6.335782527923584
6.125979900360107
6.247522830963135
6.130627632141113
6.217320442199707
6.257248878479004
6.101032257080078
6.07515811920166
6.299298286437988
6.19730281829834
6.211099624633789
6.15462064743042
6.227636337280273
6.012451171875
6.117365837097168
6.119533061981201
6.10430383682251
6.320284843444824
6.175457000732422
6.227320194244385
5.998862266540527
6.109498977661133
6.027678489685059
6.253826141357422
6.045661926269531
6.155354022979736
6.047628879547119
5.782620429992676
6.082271099090576
6.139325141906738
6.00754451751709
6.095773220062256
6.276031017303467
6.07859992980957
6.049049377441406
5.984262943267822
6.012983322143555
6.154681205749512
5.908231735229492
6.184469699859619
5.861766338348389
6.200540542602539
6.0651702880859375
5.9785614013671875
5.923208236694336
5.986144542694092
5.919470310211182
6.07810640335083
6.0393757820129395
6.033766746520996
5.820074081420898
5.919015407562256
6.158154487609863
6.112327575683594
6.129620552062988
6.1598005294799805
5.911038875579834
5.889589786529541
5.699978828430176
5.851147651672363
5.908156871795654
5.869410514831543
6.070679187774658
6.191850185394287
5.942118167877197
5.795753002166748
5.687587261199951
6.100890159606934
5.822758197784424
5.840211868286133
6.010244846343994
5.913481712341309
5.970956325531006
5.884902000427246
5.722066879272461
5.92740535736084
5.830873966217041
5.893819332122803
5.855094909667969
5.908156394958496
5.7974677085876465
5.86319637298584
5.686895847320557
5.952000617980957
5.828914642333984
6.021265029907227
5.706215858459473
5.565213203430176
5.838504791259766
5.908081531524658
5.520152568817139
5.94502067565918
6.070235729217529
6.072690486907959
5.840073108673096
5.775743007659912
5.799697399139404
5.862464427947998
5.798803329467773
5.81571626663208
5.545699119567871
5.96059513092041
5.73819637298584
5.876553058624268
5.713141441345215
5.7494730949401855
5.682624340057373
5.657187461853027
5.7407660484313965
5.9548726081848145
5.5327277183532715
5.81150484085083
5.621271133422852
5.538993835449219
5.688499927520752
5.633443355560303
5.78654670715332
5.762467384338379
5.909712314605713
5.5472025871276855
5.733754634857178
5.754871368408203
5.643917560577393
5.657787799835205
5.702311038970947
5.758378982543945
5.7349700927734375
5.770460605621338
5.875951290130615
5.789412975311279
5.680243015289307
5.470320224761963
5.521812915802002
5.45760440826416
5.733940601348877
5.828418731689453
5.6476640701293945
5.602919101715088
5.665286540985107
5.735752582550049
5.530204772949219
5.565951824188232
5.492949485778809
5.355445861816406
5.607452392578125
5.614810943603516
5.647359371185303
5.553593635559082
5.532256126403809
5.566124439239502
5.660313606262207
5.558848857879639
5.3871259689331055
5.358802795410156
5.60918664932251
5.692935943603516
5.682525634765625
5.47762393951416
5.588217735290527
5.468605995178223
5.450973987579346
5.537475109100342
5.401455402374268
5.483166217803955
5.57301664352417
5.427194118499756
5.444422245025635
5.536007881164551
5.5766072273254395
5.339382171630859
5.479695796966553
5.478565216064453
5.608541488647461
5.390331745147705
5.3900861740112305
5.670274257659912
5.581600189208984
5.559469223022461
5.5113911628723145
5.339631080627441
5.382772922515869
5.568376064300537
5.369817733764648
5.671932697296143
5.404591083526611
5.353938579559326
5.345090389251709
5.251027584075928
5.383067607879639
5.67043924331665
5.423130035400391
5.281732559204102
5.607962608337402
5.519538402557373
5.40024471282959
5.3759846687316895
5.367729663848877
5.320702075958252
5.56305456161499
5.209654331207275
5.324772834777832
5.22724723815918
5.1985626220703125
5.506187915802002
5.5043792724609375
5.426085948944092
5.674009323120117
5.390936851501465
5.420250415802002
5.502055644989014
5.432917594909668
5.3492207527160645
5.252777576446533
5.281716823577881
5.27964973449707
5.5135345458984375
5.27174186706543
5.359477519989014
5.421473026275635
5.64566707611084
5.427465438842773
5.440043926239014
5.365019798278809
5.279988765716553
5.478311061859131
5.490538120269775
5.190250873565674
5.06607723236084
5.232264995574951
5.368121147155762
5.054656028747559
5.327710151672363
5.189154624938965
5.225311756134033
5.296975135803223
5.3418192863464355
5.117307662963867
5.306227207183838
5.360935211181641
5.4619879722595215
5.128159999847412
5.320126056671143
5.279363632202148
5.14944314956665
5.225082874298096
5.434037208557129
5.336826801300049
5.24777364730835
5.22942590713501
5.081696510314941
5.196755409240723
5.162723541259766
5.100782871246338
5.383799076080322
5.190781116485596
5.265919208526611
5.245403289794922
5.27793025970459
5.265028953552246
5.1634039878845215
5.189525127410889
5.161370277404785
5.0370354652404785
5.093606472015381
5.277916431427002
4.946709156036377
5.171868801116943
5.273009777069092
5.2838454246521
4.938992023468018
5.0817551612854
5.121372222900391
5.1563720703125
5.282282829284668
5.112133026123047
5.219366550445557
5.277663707733154
5.106308460235596
4.974625587463379
4.884014129638672
5.075204372406006
5.365124702453613
5.0126118659973145
5.31852912902832
5.155735015869141
5.2656660079956055
5.053884983062744
5.1945414543151855
5.145656108856201
5.2988057136535645
5.31963586807251
5.050457954406738
5.266945838928223
5.228244304656982
5.0097761154174805
5.187536716461182
5.189090728759766
5.20599365234375
5.200876235961914
5.169839859008789
5.245693206787109
5.206573009490967
4.985645771026611
5.16710901260376
4.8602447509765625
4.994269847869873
5.079171180725098
5.053484916687012
5.021381855010986
5.203615188598633
5.166608810424805
5.105209827423096
5.195806503295898
5.0010881423950195
4.963528633117676
4.994778156280518
5.106175899505615
5.063540935516357
4.92429256439209
5.0664825439453125
5.025150299072266
5.018219947814941
5.079766750335693
4.86904239654541
5.1971282958984375
4.953908920288086
5.100588798522949
5.075064659118652
4.8852152824401855
5.014377117156982
5.004583358764648
5.058689594268799
4.905346870422363
5.001038551330566
5.0259552001953125
4.965494155883789
5.069279670715332
5.11548376083374
4.946633815765381
5.1110639572143555
5.042035102844238
5.012978553771973
4.924242973327637
4.9964470863342285
4.895699501037598
4.832902908325195
4.867581844329834
5.063438415527344
4.96970272064209
4.920339584350586
4.996933937072754
4.802422523498535
4.941272258758545
4.844336986541748
4.921599864959717
4.797241687774658
4.883095741271973
4.865163326263428
4.966063022613525
4.97939920425415
5.01460075378418
4.745134353637695
4.912323951721191
4.690309047698975
4.912096977233887
4.619815826416016
4.818384647369385
4.819778919219971
4.905395030975342
4.6332926750183105
4.761571884155273
5.037534713745117
4.805403709411621
4.960022449493408
4.820753574371338
4.837749004364014
4.904659748077393
4.872018814086914
4.819041728973389
4.921070098876953
4.820432662963867
4.870850086212158
4.738851547241211
4.840878486633301
4.948235511779785
5.021380424499512
4.895675182342529
4.9558539390563965
4.9700927734375
4.784699440002441
4.800520896911621
4.790055274963379
4.784306049346924
4.725414276123047
4.7263102531433105
4.804722309112549
4.903852462768555
4.812441349029541
4.742147922515869
4.941294193267822
4.835544109344482
4.820070266723633
4.92697811126709
4.769042491912842
4.843077182769775
4.928826808929443
4.75088357925415
4.771445274353027
5.044204235076904
4.890653133392334
4.892781734466553
4.798328399658203
4.72355318069458
4.875195503234863
4.8833746910095215
4.876620292663574
4.796412944793701
4.805263042449951
4.811878681182861
5.008183002471924
4.777939796447754
4.799124240875244
4.764455318450928
4.803896903991699
4.722431182861328
4.812931537628174
4.647575855255127
4.731944561004639
4.647922039031982
4.83180570602417
4.7324628829956055
4.765574932098389
4.724055290222168
4.848390579223633
4.830961227416992
4.692806720733643
4.562772274017334
4.743139743804932
4.635777473449707
4.736228942871094
4.7380218505859375
4.65252161026001
4.649448871612549
4.811802864074707
4.794517517089844
4.5505757331848145
4.822751998901367
4.727494239807129
4.808999538421631
4.640405178070068
4.72139310836792
4.637446880340576
4.723380088806152
4.661255836486816
4.7740478515625
4.833855628967285
4.685824871063232
4.657716751098633
4.673312187194824
4.6955084800720215
4.745207786560059
4.473965167999268
4.505150318145752
4.673151969909668
4.804393291473389
4.732246398925781
4.673032760620117
4.681036949157715
4.487364292144775
4.727492809295654
4.608400821685791
4.67925500869751
4.568875789642334
4.498632907867432
4.476503849029541
4.561150074005127
4.606466770172119
4.822729587554932
4.573663711547852
4.782468795776367
4.761646270751953
4.635982513427734
4.584662437438965
4.845401287078857
4.563175201416016
4.445404052734375
4.519173622131348
4.680238246917725
4.678627967834473
4.767716884613037
4.555055618286133
4.687331199645996
4.557150363922119
4.3381876945495605
4.610327243804932
4.595708847045898
4.628504276275635
4.647092342376709
4.582962989807129
4.722640037536621
4.590556621551514
4.5889458656311035
4.721141815185547
4.399284362792969
4.5867109298706055
4.4553022384643555
4.484821319580078
4.743237495422363
4.597212314605713
4.446430683135986
4.609140396118164
4.421589374542236
4.515105724334717
4.609488487243652
4.48384952545166
4.570008754730225
4.425490379333496
4.641805171966553
4.624335765838623
4.565887451171875
4.533039093017578
4.488454818725586
4.48268461227417
4.478139400482178
4.488905906677246
4.416219711303711
4.563283443450928
4.523282527923584
4.466879367828369
4.453225135803223
4.593509197235107
4.604075908660889
4.509574890136719
4.325855731964111
4.574263095855713
4.589539051055908
4.583724498748779
4.591262340545654
4.606827735900879
4.549247741699219
4.476804733276367
4.486649513244629
4.733511447906494
4.4262590408325195
4.699484348297119
4.441558837890625
4.4749884605407715
4.3716535568237305
4.424452304840088
4.423168659210205
4.641597270965576
4.44564151763916
4.451392650604248
4.433218002319336
4.414749622344971
4.445231914520264
4.522116661071777
4.640616416931152
4.4570417404174805
4.380825042724609
4.514415740966797
4.372142314910889
4.585371971130371
4.570318698883057
4.334517002105713
4.506651401519775
4.509099960327148
4.474625110626221
4.461226463317871
4.132435321807861
4.532236576080322
4.492980003356934
4.323237419128418
4.430240154266357
4.412773132324219
4.201366424560547
4.4557647705078125
4.563762187957764
4.418803691864014
4.319403648376465
4.40507173538208
4.31511116027832
4.457684516906738
4.462164402008057
4.442113399505615
4.355051517486572
4.436649799346924
4.531294345855713
4.54099178314209
4.429563045501709
4.385345458984375
4.5453691482543945
4.232551097869873
4.3771162033081055
4.437328815460205
4.457332611083984
4.470084190368652
4.380922317504883
4.262935161590576
4.328113079071045
4.466033458709717
4.3542160987854
4.28500509262085
4.4266462326049805
4.373770713806152
4.358977317810059
4.363068580627441
4.450628757476807
4.46289587020874
4.362687110900879
4.4149627685546875
4.356030464172363
4.23128080368042
4.348428249359131
4.247760772705078
4.334994792938232
4.60037899017334
4.351311683654785
4.4209980964660645
4.3762125968933105
4.351534843444824
4.478573799133301
4.340649127960205
4.274418354034424
4.419652938842773
4.37449312210083
4.222609043121338
4.3324761390686035
4.31655740737915
4.362443447113037
4.272641658782959
4.2835540771484375
4.306260108947754
4.144405841827393
4.32910680770874
4.357608795166016
4.247786521911621
4.243890762329102
4.356967449188232
4.17887544631958
4.383668422698975
4.41779899597168
4.317939758300781
4.340116500854492
4.3398847579956055
4.191253662109375
4.321481704711914
4.446531772613525
4.370657444000244
4.393426895141602
4.365367889404297
4.39877462387085
4.217497825622559
4.278990268707275
4.369797706604004
4.1871161460876465
4.286544322967529
4.47171688079834
4.323083400726318
4.31981086730957
4.344519138336182
4.294637680053711
4.3607401847839355
4.310112953186035
4.248614311218262
4.202176094055176
4.239324569702148
4.337974548339844
4.154150485992432
4.285611629486084
4.156789779663086
4.311254501342773
4.24440336227417
4.375012397766113
4.282282829284668
4.311459064483643
4.288347244262695
4.32400369644165
4.106081485748291
4.35260009765625
4.2034807205200195
4.302905559539795
4.14534330368042
4.16909646987915
4.371687889099121
4.252112865447998
4.118373394012451
4.211847305297852
4.167947292327881
4.246092319488525
4.21000862121582
4.153016090393066
4.234673023223877
4.14541482925415
4.250534534454346
4.325356483459473
4.135504245758057
4.301031112670898
4.351003646850586
4.193192005157471
4.3943047523498535
4.10338830947876
4.260049343109131
4.296224594116211
4.223957538604736
4.281413555145264
4.328176021575928
4.192041873931885
4.209216594696045
4.209097862243652
4.0617995262146
4.291350364685059
4.160872459411621
4.194615364074707
4.158698081970215
4.275634288787842
4.151294231414795
4.120181560516357
4.264092922210693
4.358757019042969
4.166568279266357
4.126734733581543
4.253451824188232
4.227850914001465
4.182713031768799
4.06924295425415
4.094371795654297
4.2364068031311035
4.225804805755615
4.111528396606445
4.2949957847595215
4.1593523025512695
4.208179473876953
4.113854885101318
4.150585651397705
4.216534614562988
4.246321201324463
4.120453834533691
4.100496292114258
4.231893539428711
4.103184700012207
4.306005477905273
4.2401123046875
4.319732666015625
4.01049280166626
4.237203598022461
4.191868305206299
4.185101509094238
4.146699905395508
4.061183929443359
4.150896072387695
4.210687160491943
4.1700825691223145
4.31714391708374
4.037747859954834
4.165360450744629
4.109346389770508
4.145691871643066
4.236868858337402
4.03387975692749
4.2572712898254395
4.157201766967773
4.138550281524658
4.125043869018555
4.140011787414551
4.1764817237854
4.151497840881348
4.277618885040283
4.1479573249816895
4.140441417694092
4.083119869232178
4.2635955810546875
3.925626516342163
4.1865763664245605
4.155453681945801
4.203939437866211
3.992457389831543
4.184028625488281
4.23289155960083
4.197073459625244
4.161430835723877
4.113490581512451
4.02827262878418
4.060800075531006
4.025406837463379
4.113461971282959
3.964999198913574
4.195354461669922
4.11067008972168
4.125912666320801
3.995579242706299
4.165492057800293
3.968088388442993
4.1074299812316895
3.969548463821411
4.135083198547363
4.161305904388428
4.0431365966796875
3.9569625854492188
4.215676307678223
3.9804162979125977
4.117169380187988
4.14477014541626
4.140430927276611
4.062421798706055
3.9997520446777344
4.047793865203857
4.034100532531738
4.062579154968262
4.088284015655518
3.974921464920044
4.005817413330078
4.035138130187988
4.094399452209473
4.011176586151123
4.030394554138184
3.9489946365356445
4.039318561553955
4.036557197570801
4.004978656768799
4.046028137207031
3.9914727210998535
4.085320472717285
3.961031675338745
4.097535610198975
3.8902971744537354
4.0029191970825195
3.939283609390259
4.082401275634766
3.9371559619903564
4.0862812995910645
3.971364974975586
3.8856046199798584
4.09668493270874
4.133500576019287
4.143643379211426
4.094272136688232
4.0791120529174805
3.9820826053619385
4.07858943939209
4.105906963348389
3.9215197563171387
3.9594318866729736
3.8902549743652344
3.9182305335998535
3.96003794670105
4.047725200653076
3.955754280090332
4.041851997375488
4.179875373840332
4.005306243896484
4.004209518432617
4.178184509277344
4.101336479187012
4.111649036407471
4.023087978363037
4.118191719055176
3.8837480545043945
4.081122398376465
4.030670166015625
4.066755294799805
4.033172130584717
3.9927587509155273
4.034580707550049
3.986287832260132
4.105053901672363
4.078369617462158
4.105870723724365
4.0614471435546875
4.001770496368408
4.047724723815918
3.985023021697998
4.0597124099731445
4.048405647277832
4.069653034210205
3.9878695011138916
3.9432146549224854
3.882343053817749
4.026711463928223
4.048832416534424
4.04359245300293
3.8481388092041016
4.007175922393799
3.990922212600708
3.9106290340423584
4.015204429626465
3.987079620361328
3.8995249271392822
3.87615704536438
3.9830026626586914
4.0144500732421875
3.861276388168335
3.980983257293701
3.9971890449523926
3.9652907848358154
3.8992390632629395
4.020420074462891
3.8702778816223145
4.024560451507568
3.9158668518066406
3.9811513423919678
3.825838088989258
3.9847376346588135
4.040202617645264
4.045317649841309
3.8668837547302246
3.9824907779693604
3.9784300327301025
3.953930616378784
4.019731521606445
3.837683916091919
4.113266468048096
3.896620273590088
3.8324637413024902
3.9685685634613037
4.045123100280762
3.927785873413086
3.9446678161621094
3.8491835594177246
3.908524751663208
3.938617706298828
3.8919894695281982
3.958716869354248
4.045656204223633
4.004550933837891
3.9127018451690674
3.9500255584716797
3.905557870864868
3.9672422409057617
3.8586912155151367
3.8730318546295166
3.907217502593994
3.8427395820617676
3.905562162399292
3.9509530067443848
3.810600519180298
4.0356364250183105
3.9583873748779297
3.9086673259735107
3.863757371902466
3.889287233352661
3.763779878616333
3.942918062210083
3.9715027809143066
3.8668980598449707
3.912118673324585
3.8784098625183105
3.9509830474853516
3.845539093017578
3.8736681938171387
3.7447261810302734
3.8309993743896484
4.148115158081055
3.7988600730895996
3.895777702331543
3.987860918045044
3.9396910667419434
3.917217969894409
3.9688093662261963
3.8385751247406006
3.85932993888855
3.849179744720459
3.9837722778320312
3.8534059524536133
3.9401233196258545
3.9448916912078857
3.867367744445801
3.8114633560180664
3.945091485977173
3.8311874866485596
3.8566582202911377
3.759507179260254
3.9078845977783203
3.9189229011535645
3.75201153755188
3.895071268081665
3.902745008468628
3.9576773643493652
3.786968231201172
3.828416347503662
3.9064621925354004
3.8073043823242188
3.950819253921509
3.934591293334961
3.8996360301971436
3.882559299468994
3.815688371658325
3.85672664642334
3.903113842010498
4.075297832489014
3.8033714294433594
3.834134817123413
3.9447901248931885
3.9130632877349854
3.8070225715637207
3.849196434020996
3.9725496768951416
3.8989927768707275
3.8241331577301025
3.8462626934051514
3.7837064266204834
3.794189929962158
3.76969838142395
3.797433853149414
3.7882015705108643
3.783329963684082
3.9135079383850098
3.8394808769226074
3.764430046081543
3.697301149368286
3.8391306400299072
3.773451328277588
3.8326146602630615
3.829442024230957
3.836232900619507
3.697798728942871
3.7908453941345215
3.7310104370117188
3.8750767707824707
3.877481698989868
3.7497310638427734
3.754960060119629
3.7959792613983154
3.7629659175872803
3.831376075744629
3.8316946029663086
3.6886987686157227
3.9076974391937256
3.785757541656494
3.760699510574341
3.790653705596924
3.679377317428589
3.7640323638916016
3.895625352859497
3.9160592555999756
3.7104110717773438
3.7465600967407227
3.7206521034240723
3.6222057342529297
3.832146644592285
3.752694606781006
3.7163007259368896
3.7967214584350586
3.875758409500122
3.803809881210327
3.899630546569824
3.921968936920166
3.887993574142456
3.8001790046691895
3.932888984680176
3.7170097827911377
3.7062790393829346
3.801666736602783
3.652052164077759
3.851825714111328
3.8304390907287598
3.7185356616973877
3.7990381717681885
3.911418914794922
3.823820114135742
3.705566883087158
3.8524749279022217
3.778179407119751
3.7556862831115723
3.8011844158172607
3.7430663108825684
3.7100443840026855
3.7430837154388428
3.853149652481079
3.7732107639312744
3.7019195556640625
3.945427417755127
3.693467140197754
3.684680223464966
3.740462303161621
3.642235517501831
3.745784282684326
3.7298338413238525
3.7141244411468506
3.6991817951202393
3.6045854091644287
3.7796425819396973
3.842717170715332
3.7389469146728516
3.775909662246704
3.7821872234344482
3.712066173553467
3.718090534210205
3.7531142234802246
3.739182472229004
3.7188358306884766
3.666348695755005
3.782123327255249
3.787041664123535
3.716158151626587
3.7067651748657227
3.562688112258911
3.70039963722229
3.7545595169067383
3.736281156539917
3.7889790534973145
3.712268829345703
3.6716229915618896
3.7024993896484375
3.6711463928222656
3.70469331741333
3.62412691116333
3.6707892417907715
3.61057710647583
3.7398760318756104
3.9328665733337402
3.824265956878662
3.7019858360290527
3.629213571548462
3.7677454948425293
3.6204543113708496
3.6479504108428955
3.7783761024475098
3.8188087940216064
3.7320029735565186
3.717560052871704
3.620394229888916
3.8669381141662598
3.5891642570495605
3.696025848388672
3.667409658432007
3.6887638568878174
3.720703125
3.7616515159606934
3.6810810565948486
3.6768088340759277
3.6526105403900146
3.760498285293579
3.756518602371216
3.767634630203247
3.7464144229888916
3.736635446548462
3.715240001678467
3.765374183654785
3.5736584663391113
3.754016637802124
3.700683116912842
3.6192524433135986
3.6372318267822266
3.6342613697052
3.589813470840454
3.671478033065796
3.6604042053222656
3.6498334407806396
3.679082155227661
3.7014694213867188
3.6273841857910156
3.6666383743286133
3.6689260005950928
3.824822187423706
3.607347011566162
3.657560348510742
3.596851110458374
3.6390933990478516
3.717357873916626
3.602815866470337
3.840972661972046
3.6125311851501465
3.5672812461853027
3.65805721282959
3.6916584968566895
3.4832468032836914
3.642554998397827
3.5726659297943115
3.5974783897399902
3.656581163406372
3.6211838722229004
3.6985085010528564
3.7941319942474365
3.5283350944519043
3.626361131668091
3.5787546634674072
3.646829605102539
3.756286382675171
3.68509840965271
3.706127643585205
3.6065282821655273
3.5412254333496094
3.5970687866210938
3.57456636428833
3.5962352752685547
3.5619277954101562
3.6064436435699463
3.6986143589019775
3.6133620738983154
3.756566047668457
3.6356348991394043
3.7516021728515625
3.5567500591278076
3.4562792778015137
3.6024625301361084
3.720362424850464
3.5732860565185547
3.5642004013061523
3.5876219272613525
3.654040575027466
3.4884753227233887
3.6146974563598633
3.651516914367676
3.6556544303894043
3.5012459754943848
3.6071383953094482
3.644681692123413
3.793381690979004
3.6431422233581543
3.557469606399536
3.586315870285034
3.5822482109069824
3.6254520416259766
3.5471713542938232
3.6338627338409424
3.62772274017334
3.7583506107330322
3.5608303546905518
3.574967861175537
3.551224946975708
3.5485916137695312
3.606024742126465
3.542055606842041
3.5869650840759277
3.5216000080108643
3.6210381984710693
3.6644697189331055
3.571185827255249
3.636179208755493
3.60860013961792
3.5587921142578125
3.4959232807159424
3.6010026931762695
3.6015453338623047
3.496999502182007
3.5405187606811523
3.542109966278076
3.5398752689361572
3.4878768920898438
3.573154926300049
3.6372249126434326
3.5533411502838135
3.459263563156128
3.5879640579223633
3.423975944519043
3.6071367263793945
3.4937326908111572
3.622082233428955
3.621182918548584
3.459446668624878
3.53482985496521
3.479271650314331
3.5368504524230957
3.550154447555542
3.558584451675415
3.5193660259246826
3.4939301013946533
3.546766996383667
3.5811634063720703
3.5916600227355957
3.5410215854644775
3.5092968940734863
3.6648807525634766
3.4963529109954834
3.498917579650879
3.553554058074951
3.5501673221588135
3.4719583988189697
3.5557470321655273
3.6416330337524414
3.515395164489746
3.5223658084869385
3.6210668087005615
3.5886647701263428
3.6328063011169434
3.5238091945648193
3.509613513946533
3.602642059326172
3.4582529067993164
3.542041540145874
3.5989444255828857
3.522545099258423
3.5478479862213135
3.5516357421875
3.5199475288391113
3.493394136428833
3.417635202407837
3.5806736946105957
3.499546766281128
3.424823760986328
3.477985143661499
3.6042962074279785
3.497042417526245
3.5689923763275146
3.441056251525879
3.5789875984191895
3.4717695713043213
3.5198910236358643
3.517887830734253
3.497746706008911
3.5722391605377197
3.3867526054382324
3.380908250808716
3.445751667022705
3.527733564376831
3.435025691986084
3.4824578762054443
3.504589080810547
3.4197707176208496
3.532428741455078
3.3499603271484375
3.565126657485962
3.4247303009033203
3.535144090652466
3.515507459640503
3.5265755653381348
3.474987745285034
3.5910837650299072
3.563617467880249
3.447420358657837
3.4560699462890625
3.5207977294921875
3.710604429244995
3.528640031814575
3.4872548580169678
3.500800609588623
3.479835271835327
3.594566822052002
3.3960585594177246
3.479322671890259
3.6432087421417236
3.538762331008911
3.368187189102173
3.3971517086029053
3.426718235015869
3.5425777435302734
3.4514784812927246
3.419677257537842
3.514399290084839
3.464240312576294
3.490974187850952
3.377953052520752
3.3658640384674072
3.5049684047698975
3.461836576461792
3.5255815982818604
3.397806167602539
3.484628677368164
3.456165075302124
3.5673415660858154
3.411771774291992
3.4862940311431885
3.471343755722046
3.4197404384613037
3.391888380050659
3.591407537460327
3.4040603637695312
3.4931247234344482
3.405869245529175
3.3555009365081787
3.457414150238037
3.462952136993408
3.4642648696899414
3.455997943878174
3.3685758113861084
3.4223434925079346
3.3835654258728027
3.5135438442230225
3.5421011447906494
3.4618113040924072
3.4688477516174316
3.436178684234619
3.389418363571167
3.3422298431396484
3.4139297008514404
3.416968584060669
3.471041202545166
3.4410836696624756
3.521132230758667
3.333000898361206
3.455949544906616
3.313533306121826
3.497396469116211
3.4086058139801025
3.3167641162872314
3.5192527770996094
3.469578742980957
3.3600943088531494
3.3710262775421143
3.4466588497161865
3.3605613708496094
3.461280345916748
3.3586792945861816
3.3785855770111084
3.4039785861968994
3.488281488418579
3.4522652626037598
3.4835703372955322
3.4473159313201904
3.3628342151641846
3.3748433589935303
3.3537449836730957
3.4012739658355713
3.409777879714966
3.380404233932495
3.537247657775879
3.511385679244995
3.282197952270508
3.498155355453491
3.4432449340820312
3.3969767093658447
3.473386526107788
3.4085354804992676
3.3988375663757324
3.374462366104126
3.4066405296325684
3.2745718955993652
3.3560409545898438
3.3152711391448975
3.319451093673706
3.4405980110168457
3.389864444732666
3.3383097648620605
3.3306827545166016
3.4823429584503174
3.4356648921966553
3.4739232063293457
3.4793267250061035
3.522064685821533
3.371203899383545
3.342588186264038
3.501030206680298
3.223135471343994
3.46431303024292
3.3593273162841797
3.503343105316162
3.398594617843628
3.3196239471435547
3.369046211242676
3.487269401550293
3.4101924896240234
3.3774423599243164
3.367631435394287
3.3975024223327637
3.289832592010498
3.2853474617004395
3.3745696544647217
3.3918960094451904
3.2521142959594727
3.3071460723876953
3.209061861038208
3.450970411300659
3.2814295291900635
3.3223283290863037
3.2996280193328857
3.404080629348755
3.5358569622039795
3.377267360687256
3.3715767860412598
3.3392059803009033
3.3826608657836914
3.3496646881103516
3.358917713165283
3.418790817260742
3.4038610458374023
3.382046699523926
3.3377525806427
3.284245729446411
3.2982685565948486
3.273237943649292
3.3594765663146973
3.3126983642578125
3.383356809616089
3.323511838912964
3.469802141189575
3.3271331787109375
3.2353298664093018
3.3404927253723145
3.3703696727752686
3.366471529006958
3.297050714492798
3.352733612060547
3.3387451171875
3.495081663131714
3.2947404384613037
3.3805906772613525
3.349790573120117
3.339881658554077
3.3902547359466553
3.3358869552612305
3.3406641483306885
3.299954652786255
3.4551055431365967
3.3528571128845215
3.2997169494628906
3.219568967819214
3.3189034461975098
3.3418095111846924
3.3900272846221924
3.297285318374634
3.3565988540649414
3.384514570236206
3.3810906410217285
3.3599860668182373
3.289583921432495
3.332432985305786
3.3504271507263184
3.3485987186431885
3.3156702518463135
3.311363935470581
3.312941312789917
3.2722556591033936
3.2123210430145264
3.232739210128784
3.39292311668396
3.2760677337646484
3.312166213989258
3.3274118900299072
3.282285213470459
3.3309731483459473
3.3225319385528564
3.222297191619873
3.241326332092285
3.314331293106079
3.270632028579712
3.2852072715759277
3.373098850250244
3.3342032432556152
3.1813971996307373
3.395329713821411
3.3276405334472656
3.2432479858398438
3.2341012954711914
3.3035430908203125
3.2614188194274902
3.24609637260437
3.3299400806427
3.2561473846435547
3.292656183242798
3.2456789016723633
3.3007421493530273
3.2837891578674316
3.466042995452881
3.3848023414611816
3.25996994972229
3.2168922424316406
3.3045544624328613
3.2028064727783203
3.270125150680542
3.381572961807251
3.3351545333862305
3.2461490631103516
3.308835029602051
3.321336269378662
3.2691056728363037
3.344514846801758
3.3558058738708496
3.323117733001709
3.310281276702881
3.3190155029296875
3.2522056102752686
3.2247934341430664
3.311434507369995
3.3044633865356445
3.2844605445861816
3.256513833999634
3.3468759059906006
3.2636799812316895
3.2446491718292236
3.1992504596710205
3.428795337677002
3.2131104469299316
3.2576663494110107
3.2590980529785156
3.2831451892852783
3.2915401458740234
3.2304794788360596
3.3104746341705322
3.316188097000122
3.253277063369751
3.195981502532959
3.2327466011047363
3.2618167400360107
3.211505889892578
3.2777955532073975
3.2769269943237305
3.329561233520508
3.1795284748077393
3.2248167991638184
3.2700812816619873
3.2394583225250244
3.2812798023223877
3.305234432220459
3.2572021484375
3.2600209712982178
3.2500264644622803
3.3025949001312256
3.2514097690582275
3.1574554443359375
3.2761621475219727
3.2503228187561035
3.2234504222869873
3.2883095741271973
3.260366439819336
3.2585864067077637
3.2815194129943848
3.2692127227783203
3.1827709674835205
3.1272175312042236
3.1779654026031494
3.2406930923461914
3.1860697269439697
3.190558433532715
3.1754963397979736
3.250664710998535
3.246657133102417
3.3408799171447754
3.214188814163208
3.273268461227417
3.3165695667266846
3.159972667694092
3.2112953662872314
3.2066638469696045
3.2458889484405518
3.233774423599243
3.173433542251587
3.237705945968628
3.2315855026245117
3.176159620285034
3.23744797706604
3.2514114379882812
3.243499994277954
3.337111711502075
3.150892496109009
3.1669766902923584
3.218137741088867
3.2384932041168213
3.1698715686798096
3.2056872844696045
3.2481424808502197
3.2390248775482178
3.1917338371276855
3.2835159301757812
3.2710371017456055
3.1939783096313477
3.3334665298461914
3.205906629562378
3.2085306644439697
3.210104465484619
3.250990629196167
3.2582216262817383
3.216397762298584
3.212228775024414
3.2016944885253906
3.1471235752105713
3.2177391052246094
3.2102699279785156
3.1888561248779297
3.184460401535034
3.2102787494659424
3.2459757328033447
3.2000880241394043
3.310652256011963
3.1900925636291504
3.1792075634002686
3.1676058769226074
3.167112350463867
3.1995842456817627
3.13203763961792
3.221588134765625
3.1982760429382324
3.174715518951416
3.2503275871276855
3.1939101219177246
3.2331085205078125
3.12992787361145
3.222416877746582
3.142446994781494
3.1334433555603027
3.2105298042297363
3.2883379459381104
3.152923822402954
3.186556577682495
3.1980881690979004
3.214489459991455
3.177567720413208
3.105689764022827
3.094325304031372
3.144216299057007
3.1628828048706055
3.1432836055755615
3.209562063217163
3.0959584712982178
3.206312894821167
3.228952169418335
3.134079933166504
3.125433921813965
3.276742935180664
3.070983409881592
3.2485191822052
3.3013265132904053
3.1906960010528564
3.206672191619873
3.15224027633667
3.1386823654174805
3.158451557159424
3.223759412765503
3.0626444816589355
3.155121088027954
3.1325149536132812
3.088843584060669
3.0967648029327393
3.1069083213806152
3.1066136360168457
3.150588274002075
3.146976947784424
3.17669415473938
3.1768157482147217
3.1825971603393555
3.044131278991699
3.1367712020874023
3.1231160163879395
3.096919298171997
3.2101006507873535
3.099074602127075
3.133833646774292
3.1175265312194824
3.0745046138763428
3.0914881229400635
3.2221853733062744
3.1761929988861084
3.1430580615997314
3.1687400341033936
3.1801576614379883
3.1422278881073
3.101498603820801
3.0685651302337646
3.1201770305633545
3.196695327758789
3.121577024459839
3.1279027462005615
3.1909189224243164
3.058093786239624
3.094381809234619
3.194733142852783
3.133713483810425
3.1744751930236816
3.068300724029541
3.202265501022339
3.180624485015869
3.123933792114258
3.082216501235962
3.0205323696136475
3.1919872760772705
3.088857650756836
3.1414988040924072
3.0281121730804443
3.0642247200012207
3.212059497833252
3.068906784057617
3.0522971153259277
3.1133861541748047
3.153482675552368
3.182335615158081
3.204230546951294
3.1344757080078125
3.096156597137451
3.111589193344116
3.089043617248535
3.1358041763305664
3.139866828918457
3.041696548461914
3.039036989212036
3.0671751499176025
3.084336519241333
3.066756248474121
3.0813357830047607
3.0919106006622314
3.156745195388794
3.099604606628418
3.067556142807007
3.1260204315185547
3.1070914268493652
3.1059107780456543
3.0485153198242188
3.1619677543640137
3.1570634841918945
3.1870994567871094
3.048945188522339
3.048774003982544
3.103034734725952
3.1732568740844727
3.1316871643066406
3.045400619506836
3.070624351501465
3.117948293685913
3.177993059158325
3.080198049545288
3.1275389194488525
3.066786050796509
3.079674482345581
3.052990198135376
3.1190171241760254
3.007059097290039
3.1053779125213623
3.1102278232574463
3.1038272380828857
3.056265354156494
3.0332987308502197
3.0473484992980957
3.1105635166168213
3.0391857624053955
3.00246262550354
3.1334455013275146
3.1351237297058105
3.0634965896606445
3.0766937732696533
3.083545684814453
3.0860118865966797
2.9559998512268066
3.078465461730957
3.011395215988159
3.0443899631500244
3.169283151626587
3.1020491123199463
3.1031949520111084
3.1241986751556396
3.0514237880706787
3.0501575469970703
3.0903635025024414
3.0485665798187256
3.040902614593506
3.054931402206421
3.1290335655212402
2.955967664718628
3.072453498840332
3.081941604614258
3.033914566040039
3.1351206302642822
3.033557415008545
3.047074317932129
3.149600028991699
3.129988193511963
2.988201141357422
3.065229892730713
3.030116558074951
3.0850977897644043
3.015763282775879
3.03324818611145
3.0590336322784424
3.0978028774261475
3.0073981285095215
3.067533493041992
2.9945905208587646
3.0084691047668457
2.965461492538452
2.9234344959259033
3.132091522216797
2.985809087753296
3.026780843734741
3.0022177696228027
3.004359483718872
3.0380666255950928
2.975004196166992
2.9927656650543213
3.0620715618133545
3.0482754707336426
3.1296157836914062
2.9362752437591553
3.0682594776153564
2.985365152359009
2.9537224769592285
3.1243155002593994
2.9913573265075684
3.080401659011841
3.019818067550659
3.068958044052124
2.9571313858032227
2.953608989715576
3.0198566913604736
2.953342914581299
3.094625234603882
3.106739044189453
2.955078363418579
3.0517184734344482
2.9926657676696777
3.062969446182251
3.0248970985412598
3.017632246017456
2.978684663772583
3.072596549987793
2.9873101711273193
2.9801995754241943
3.0133352279663086
2.9942569732666016
2.968161106109619
3.0711586475372314
3.04396390914917
3.033585786819458
3.0402891635894775
3.0564701557159424
2.9112391471862793
2.9957611560821533
2.9858226776123047
3.0719430446624756
2.957599639892578
3.0026166439056396
2.962803840637207
2.9817276000976562
2.986759901046753
2.992865562438965
3.1094019412994385
2.980222225189209
3.0754587650299072
2.9735119342803955
3.0140745639801025
2.9858481884002686
2.968170404434204
3.027297019958496
3.002779006958008
3.06988525390625
2.9680187702178955
2.9876010417938232
3.028069257736206
2.9126954078674316
3.013625144958496
2.9952259063720703
2.9632978439331055
2.9605023860931396
2.9703786373138428
3.0093839168548584
2.896603584289551
2.9210901260375977
3.018897294998169
3.012432098388672
2.8753650188446045
3.0241925716400146
2.9486663341522217
2.9773969650268555
3.011336326599121
2.979097604751587
2.932345390319824
2.9575679302215576
2.964904546737671
2.905839681625366
2.9385769367218018
3.0021719932556152
2.9235339164733887
2.9811594486236572
3.0013370513916016
2.917452812194824
2.987675189971924
3.056757926940918
3.0788493156433105
2.8488965034484863
2.892669916152954
2.8982222080230713
2.9148104190826416
2.9892144203186035
2.956454038619995
2.918405532836914
2.984614849090576
2.952641248703003
2.9019031524658203
2.9178354740142822
2.987149477005005
2.960357666015625
2.9602253437042236
2.9227473735809326
2.8988451957702637
2.9279770851135254
3.023836374282837
3.0333523750305176
2.908036470413208
2.954711437225342
2.9694790840148926
2.963380813598633
2.889235019683838
2.9093568325042725
2.9767024517059326
2.9793899059295654
2.976315975189209
2.9403324127197266
2.913802146911621
2.977933645248413
3.0017404556274414
2.8914403915405273
2.842416286468506
2.8723440170288086
3.0031023025512695
2.958357334136963
2.9622914791107178
2.9142024517059326
2.8372116088867188
2.928518772125244
2.9257149696350098
2.9008617401123047
2.890181541442871
2.8777928352355957
2.8899717330932617
2.9762086868286133
2.9954426288604736
2.919325113296509
3.006916046142578
2.9255828857421875
2.963578939437866
2.943290948867798
2.872070074081421
2.858846664428711
2.941295862197876
2.937302589416504
2.927963972091675
2.9953231811523438
2.884845495223999
2.908653497695923
2.960897207260132
2.9671521186828613
2.9409210681915283
2.8473856449127197
2.975452184677124
2.925387144088745
2.950406074523926
2.889815092086792
2.9665651321411133
2.9502248764038086
2.906496286392212
2.9089136123657227
2.9099748134613037
2.8631954193115234
3.01926589012146
2.880002021789551
2.9051311016082764
2.9882073402404785
2.8728761672973633
2.9032843112945557
2.935255527496338
2.888920545578003
2.9506871700286865
2.9597885608673096
2.9036407470703125
2.882222890853882
2.8655030727386475
2.995835065841675
2.9460792541503906
2.915245771408081
2.881408929824829
2.9759633541107178
2.831713914871216
2.921154499053955
2.8861911296844482
2.8642964363098145
2.899350166320801
2.9038946628570557
2.839282751083374
2.8664209842681885
2.9693331718444824
2.8128578662872314
2.916865348815918
2.9337306022644043
2.92756724357605
2.7867555618286133
2.81192684173584
2.9914979934692383
2.9003052711486816
2.9235684871673584
2.863882541656494
2.9005866050720215
2.8997275829315186
2.866580009460449
2.8954904079437256
2.901876449584961
2.869140148162842
2.9001080989837646
2.901329278945923
2.88185453414917
2.8795931339263916
2.9272353649139404
2.953009605407715
2.8512587547302246
2.928006887435913
2.936201572418213
2.82330060005188
2.8128504753112793
2.85424542427063
2.942145347595215
2.888502836227417
2.956052541732788
2.871065139770508
2.9572157859802246
2.831636428833008
2.8507933616638184
2.8527445793151855
2.8177883625030518
2.9749772548675537
2.8301596641540527
2.8201146125793457
2.943232774734497
2.8228611946105957
2.8587000370025635
2.8379175662994385
2.806375741958618
2.8260931968688965
2.952690839767456
2.831451892852783
2.870145559310913
2.8859059810638428
2.887009620666504
2.900965690612793
2.9410154819488525
2.887446641921997
2.8158504962921143
2.8713324069976807
2.917710065841675
2.841029405593872
2.8446106910705566
2.83954119682312
2.82108736038208
2.8738651275634766
2.868381977081299
2.912045955657959
2.819669485092163
2.895543098449707
2.812053918838501
2.891434669494629
2.828193187713623
2.795281410217285
2.8412156105041504
2.812922716140747
2.76052188873291
2.86769700050354
2.8466403484344482
2.894697904586792
2.818725824356079
2.847419500350952
2.912868022918701
2.848210334777832
2.8391480445861816
2.7898616790771484
2.8626153469085693
2.8934507369995117
2.907196521759033
2.845977783203125
2.8704895973205566
2.857215642929077
2.7707669734954834
2.8506712913513184
2.7757461071014404
2.86031436920166
2.754927158355713
2.7965736389160156
2.879927158355713
2.9316720962524414
2.769707202911377
2.7747833728790283
2.7889912128448486
2.8687942028045654
2.801638126373291
2.8002259731292725
2.921501398086548
2.8015780448913574
2.809360980987549
2.7938058376312256
2.8502414226531982
2.8555543422698975
2.885080575942993
2.7853715419769287
2.7512757778167725
2.7192907333374023
2.762753486633301
2.8454782962799072
2.8119544982910156
2.8420934677124023
2.8362090587615967
2.852977991104126
2.7729039192199707
2.941929578781128
2.875497341156006
2.8159570693969727
2.797065258026123
2.769892454147339
2.8244435787200928
2.7755661010742188
2.942316770553589
2.744810104370117
2.8568947315216064
2.872331380844116
2.8869786262512207
2.882920980453491
2.912837505340576
2.7610974311828613
2.794621229171753
2.8435397148132324
2.7671828269958496
2.8317434787750244
2.842402458190918
2.7507853507995605
2.815568685531616
2.8242604732513428
2.79044246673584
2.850709915161133
2.7850096225738525
2.7975103855133057
2.8133020401000977
2.8137474060058594
2.7013437747955322
2.8066840171813965
2.8387739658355713
2.754169225692749
2.7412147521972656
2.736989736557007
2.816389322280884
2.7241995334625244
2.801622152328491
2.739701271057129
2.7634387016296387
2.8076939582824707
2.7590558528900146
2.79288649559021
2.7634975910186768
2.769155502319336
2.7807881832122803
2.776176929473877
2.7769320011138916
2.751880168914795
2.746626615524292
2.787656307220459
2.823647975921631
2.811145544052124
2.834750175476074
2.6902849674224854
2.7812280654907227
2.7663931846618652
2.7997334003448486
2.732950210571289
2.785757064819336
2.7512457370758057
2.7585160732269287
2.8781445026397705
2.734408140182495
2.7274534702301025
2.742443799972534
2.7876362800598145
2.7774159908294678
2.7537927627563477
2.813366651535034
2.766826868057251
2.758833408355713
2.7051334381103516
2.69284725189209
2.76857590675354
2.7465412616729736
2.7706780433654785
2.764371871948242
2.787215232849121
2.6675119400024414
2.807912588119507
2.7742481231689453
2.8161540031433105
2.861415386199951
2.7473816871643066
2.7961809635162354
2.7667524814605713
2.7454206943511963
2.7461018562316895
2.751478672027588
2.755344867706299
2.782627582550049
2.7732746601104736
2.7969839572906494
2.836747407913208
2.7431254386901855
2.7288918495178223
2.7866601943969727
2.831577777862549
2.712444305419922
2.8121485710144043
2.7815744876861572
2.795987844467163
2.740537166595459
2.7080883979797363
2.7593307495117188
2.786595106124878
2.77512264251709
2.7619991302490234
2.7492642402648926
2.731576681137085
2.7689270973205566
2.7121477127075195
2.7761247158050537
2.7894985675811768
2.7153189182281494
2.739508867263794
2.72395658493042
2.7705414295196533
2.6479761600494385
2.734711170196533
2.73789119720459
2.743891716003418
2.6979384422302246
2.734602212905884
2.698082208633423
2.7094266414642334
2.747439384460449
2.768442153930664
2.8491594791412354
2.8004608154296875
2.8100903034210205
2.779507637023926
2.737013578414917
2.7172017097473145
2.8185665607452393
2.7590172290802
2.7252092361450195
2.7170681953430176
2.725405216217041
2.767709255218506
2.752187967300415
2.753486394882202
2.7357418537139893
2.754981279373169
2.6520397663116455
2.7173826694488525
2.770958185195923
2.722630739212036
2.7679567337036133
2.6329329013824463
2.7456963062286377
2.7488365173339844
2.714704751968384
2.6656625270843506
2.6711466312408447
2.6637845039367676
2.716167688369751
2.7244482040405273
2.6700892448425293
2.707458734512329
2.7746927738189697
2.6755356788635254
2.6775994300842285
2.779322385787964
2.730293035507202
2.7306439876556396
2.7005727291107178
2.72045636177063
2.64857816696167
2.68082332611084
2.6611685752868652
2.7726528644561768
2.7084836959838867
2.7504231929779053
2.7089462280273438
2.746123790740967
2.6726291179656982
2.723302125930786
2.7020719051361084
2.6755788326263428
2.7166366577148438
2.732567548751831
2.6728527545928955
2.715752363204956
2.772906541824341
2.734266996383667
2.6628737449645996
2.7286860942840576
2.711716890335083
2.7493131160736084
2.673093318939209
2.719393253326416
2.7184195518493652
2.6710541248321533
2.619475841522217
2.7400569915771484
2.686905860900879
2.720353841781616
2.7745213508605957
2.6597156524658203
2.655184745788574
2.726222038269043
2.6654858589172363
2.622992992401123
2.655930519104004
2.6822595596313477
2.7229480743408203
2.680025577545166
2.651387929916382
2.70454478263855
2.751847982406616
2.6724774837493896
2.7345004081726074
2.7700934410095215
2.7306032180786133
2.628807306289673
2.6767265796661377
2.595273971557617
2.6831107139587402
2.697272777557373
2.6327309608459473
2.622993230819702
2.6955089569091797
2.668675422668457
2.746976613998413
2.6849658489227295
2.710855722427368
2.7641592025756836
2.6351468563079834
2.7184314727783203
2.6828536987304688
2.663630485534668
2.6469478607177734
2.6909708976745605
2.712451934814453
2.693352699279785
2.675841808319092
2.611478805541992
2.6541829109191895
2.651796817779541
2.678912401199341
2.7117321491241455
2.7022204399108887
2.5907700061798096
2.6456544399261475
2.612621307373047
2.6934287548065186
2.715425491333008
2.6958255767822266
2.6648097038269043
2.6402196884155273
2.6614625453948975
2.683267831802368
2.5868308544158936
2.6548802852630615
2.5697848796844482
2.6556015014648438
2.6576218605041504
2.658498764038086
2.6031267642974854
2.565720796585083
2.640935182571411
2.669785261154175
2.604217290878296
2.716623306274414
2.6651530265808105
2.6752469539642334
2.65317702293396
2.635563850402832
2.605682134628296
2.678415298461914
2.6834561824798584
2.699503183364868
2.5823707580566406
2.725416898727417
2.666553497314453
2.704317331314087
2.578669309616089
2.6801137924194336
2.5988211631774902
2.5909650325775146
2.635354518890381
2.6480307579040527
2.6683948040008545
2.6600043773651123
2.591169595718384
2.625128984451294
2.652060031890869
2.619330644607544
2.6925907135009766
2.616767406463623
2.642822265625
2.6886632442474365
2.677813768386841
2.5704922676086426
2.6355154514312744
2.6852896213531494
2.629188060760498
2.652299404144287
2.61429500579834
2.6770458221435547
2.5862042903900146
2.686183214187622
2.655642509460449
2.595290184020996
2.603790760040283
2.6435604095458984
2.622426986694336
2.6261610984802246
2.588242769241333
2.6760594844818115
2.6838746070861816
2.6265370845794678
2.6098451614379883
2.61550235748291
2.632904052734375
2.630159854888916
2.548100233078003
2.662559747695923
2.6355953216552734
2.610410213470459
2.5806212425231934
2.648242950439453
2.625596046447754
2.6426291465759277
2.6241371631622314
2.570812702178955
2.6240954399108887
2.625551223754883
2.614637613296509
2.564931631088257
2.677020788192749
2.549860954284668
2.5910279750823975
2.5584876537323
2.6551401615142822
2.6087329387664795
2.6473145484924316
2.581069231033325
2.645020008087158
2.551734685897827
2.5466725826263428
2.6394617557525635
2.5577800273895264
2.6520814895629883
2.6386938095092773
2.6340441703796387
2.578368902206421
2.6456453800201416
2.6542088985443115
2.606358289718628
2.585602045059204
2.6711223125457764
2.6387484073638916
2.6769418716430664
2.603092670440674
2.595684289932251
2.5263004302978516
2.5486128330230713
2.595595359802246
2.600205421447754
2.648167133331299
2.670206069946289
2.570621967315674
2.6096134185791016
2.5362308025360107
2.597048282623291
2.6260921955108643
2.6334164142608643
2.6087307929992676
2.6274008750915527
2.5701138973236084
2.5621683597564697
2.5999693870544434
2.586552143096924
2.577791213989258
2.5093703269958496
2.5898022651672363
2.5885798931121826
2.5441505908966064
2.6012582778930664
2.5692412853240967
2.5599310398101807
2.61818528175354
2.5756447315216064
2.5985665321350098
2.6452131271362305
2.580658197402954
2.6676034927368164
2.6490354537963867
2.616100311279297
2.6188931465148926
2.5773508548736572
2.6051924228668213
2.5399420261383057
2.5380892753601074
2.5462639331817627
2.639061689376831
2.584214925765991
2.5777039527893066
2.505484104156494
2.610304594039917
2.492159128189087
2.55761981010437
2.5560896396636963
2.5191590785980225
2.6126835346221924
2.5846893787384033
2.558929920196533
2.618352174758911
2.639906644821167
2.5672190189361572
2.5401201248168945
2.499976634979248
2.6638381481170654
2.6439766883850098
2.5671513080596924
2.6506505012512207
2.528696060180664
2.546577215194702
2.5381600856781006
2.5030906200408936
2.59732723236084
2.6235852241516113
2.520888090133667
2.5695481300354004
2.579772472381592
2.566581964492798
2.564119815826416
2.546137809753418
2.5911853313446045
2.585392475128174
2.598120927810669
2.5459728240966797
2.585923910140991
2.5563433170318604
2.5452442169189453
2.5374176502227783
2.535676956176758
2.5551178455352783
2.533529043197632
2.5610129833221436
2.459949016571045
2.5452380180358887
2.5802390575408936
2.595655679702759
2.570803642272949
2.531996011734009
2.5538744926452637
2.578373432159424
2.5527358055114746
2.5631086826324463
2.559385061264038
2.5557570457458496
2.5471127033233643
2.61893367767334
2.530343532562256
2.582667827606201
2.597520589828491
2.565204381942749
2.579920768737793
2.557868480682373
2.550783157348633
2.5598528385162354
2.6164700984954834
2.5172150135040283
2.5706980228424072
2.5585734844207764
2.6325273513793945
2.539454936981201
2.5306551456451416
2.4769575595855713
2.538827419281006
2.574352264404297
2.5599563121795654
2.5599288940429688
2.5795578956604004
2.5338685512542725
2.5014004707336426
2.534687042236328
2.556734800338745
2.561514377593994
2.5294995307922363
2.5354042053222656
2.5325562953948975
2.5671777725219727
2.5172815322875977
2.586336612701416
2.5406486988067627
2.5469515323638916
2.5262298583984375
2.621774911880493
2.4852781295776367
2.5334837436676025
2.547624111175537
2.5336873531341553
2.501654863357544
2.520129919052124
2.586402177810669
2.5423882007598877
2.478869676589966
2.5675106048583984
2.547187089920044
2.4715917110443115
2.532043933868408
2.534419298171997
2.5139193534851074
2.4494574069976807
2.530691623687744
2.519531011581421
2.5795180797576904
2.5445597171783447
2.53358793258667
2.555659770965576
2.4587817192077637
2.4896180629730225
2.549546003341675
2.403326988220215
2.469756603240967
2.5033962726593018
2.554567337036133
2.5238022804260254
2.5534162521362305
2.5284669399261475
2.5018298625946045
2.48976731300354
2.4904158115386963
2.5172152519226074
2.437748908996582
2.5411224365234375
2.511176824569702
2.494508743286133
2.5336430072784424
2.5373451709747314
2.568925619125366
2.4315390586853027
2.5083181858062744
2.471693515777588
2.4915261268615723
2.5026774406433105
2.4988749027252197
2.4535977840423584
2.511333465576172
2.49634051322937
2.4848251342773438
2.5392544269561768
2.473919153213501
2.4997782707214355
2.4541101455688477
2.4480268955230713
2.506875991821289
2.4845387935638428
2.483873128890991
2.5290379524230957
2.53686261177063
2.5389597415924072
2.535017251968384
2.510392427444458
2.523569107055664
2.4998879432678223
2.4596691131591797
2.561023473739624
2.480259418487549
2.587972402572632
2.460285186767578
2.5605223178863525
2.476799249649048
2.434807062149048
2.493706703186035
2.4987964630126953
2.4327492713928223
2.4491124153137207
2.4112939834594727
2.449612617492676
2.556107759475708
2.485947608947754
2.5449154376983643
2.541482925415039
2.5092198848724365
2.519395351409912
2.447394847869873
2.4412717819213867
2.53161883354187
2.559767723083496
2.488866090774536
2.496825695037842
2.487257719039917
2.518887996673584
2.3676161766052246
2.4980406761169434
2.4741475582122803
2.5314364433288574
2.459059715270996
2.442983627319336
2.461174488067627
2.50534987449646
2.5001161098480225
2.4222660064697266
2.382307291030884
2.4965267181396484
2.4527101516723633
2.4220197200775146
2.450899600982666
2.4749233722686768
2.536472797393799
2.467546224594116
2.431863784790039
2.4749362468719482
2.4836180210113525
2.4390885829925537
2.4565463066101074
2.490441083908081
2.3895862102508545
2.4382970333099365
2.500192880630493
2.482858180999756
2.4744367599487305
2.4703078269958496
2.435786724090576
2.465907335281372
2.447052240371704
2.4255778789520264
2.4761693477630615
2.499741315841675
2.4816484451293945
2.4354209899902344
2.3407411575317383
2.4709880352020264
2.4682366847991943
2.543330669403076
2.5097694396972656
2.4760560989379883
2.4613709449768066
2.5331549644470215
2.4905412197113037
2.388770580291748
2.4716525077819824
2.5068137645721436
2.4727463722229004
2.493920087814331
2.443753480911255
2.4491689205169678
2.500518560409546
2.5110623836517334
2.424776077270508
2.4203855991363525
2.4222795963287354
2.4357194900512695
2.431853771209717
2.4136300086975098
2.4932734966278076
2.423337459564209
2.4125242233276367
2.4396369457244873
2.468104362487793
2.421792984008789
2.3793747425079346
2.4997379779815674
2.4826998710632324
2.5258429050445557
2.462418794631958
2.4645824432373047
2.393543004989624
2.390968084335327
2.395622968673706
2.4285972118377686
2.483346700668335
2.4382100105285645
2.404832601547241
2.4375159740448
2.4607486724853516
2.4186646938323975
2.4774014949798584
2.4559032917022705
2.363830804824829
2.4335551261901855
2.4507129192352295
2.4144551753997803
2.4336490631103516
2.496183156967163
2.4293456077575684
2.4341940879821777
2.398958683013916
2.3564276695251465
2.4425623416900635
2.532376289367676
2.4568190574645996
2.4104440212249756
2.431244373321533
2.41624116897583
2.450953722000122
2.4463019371032715
2.3948581218719482
2.4781320095062256
2.420527458190918
2.485264301300049
2.412946939468384
2.434020757675171
2.397941827774048
2.426023244857788
2.4323039054870605
2.4160561561584473
2.423877000808716
2.4387989044189453
2.4294190406799316
2.4421231746673584
2.4595799446105957
2.44530987739563
2.430105209350586
2.3151752948760986
2.4496707916259766
2.436589002609253
2.485464572906494
2.454633951187134
2.389679431915283
2.4770286083221436
2.4166853427886963
2.4470009803771973
2.44159197807312
2.437803030014038
2.4353530406951904
2.4621012210845947
2.425441026687622
2.3798625469207764
2.4162802696228027
2.3757693767547607
2.4385225772857666
2.416311740875244
2.4109017848968506
2.4224421977996826
2.446934223175049
2.435887575149536
2.44401216506958
2.405137538909912
2.420689344406128
2.4661927223205566
2.35444974899292
2.391117572784424
2.3675246238708496
2.3972432613372803
2.440511465072632
2.4224705696105957
2.366441488265991
2.3653078079223633
2.409959077835083
2.4587242603302
2.397184371948242
2.427926778793335
2.400852680206299
2.4001119136810303
2.3463854789733887
2.4200387001037598
2.410353183746338
2.3542444705963135
2.3850178718566895
2.4451100826263428
2.348548173904419
2.428117513656616
2.364414930343628
2.4079246520996094
2.367403030395508
2.322401762008667
2.404754400253296
2.392157554626465
2.426945447921753
2.4053661823272705
2.488765239715576
2.394190549850464
2.4424684047698975
2.3908462524414062
2.403334856033325
2.3743081092834473
2.381349802017212
2.3468103408813477
2.4136812686920166
2.397099733352661
2.3641724586486816
2.403463125228882
2.4104485511779785
2.327688217163086
2.426393985748291
2.3491525650024414
2.395592451095581
2.3228251934051514
2.3720991611480713
2.3948681354522705
2.377009153366089
2.421725273132324
2.4098474979400635
2.3478035926818848
2.368109703063965
2.410170316696167
2.4045557975769043
2.3736491203308105
2.340045690536499
2.4055984020233154
2.36479115486145
2.3604347705841064
2.3784384727478027
2.2788925170898438
2.3507511615753174
2.346681833267212
2.343031883239746
2.3947978019714355
2.4131689071655273
2.3667705059051514
2.393824577331543
2.3203494548797607
2.3029706478118896
2.4006149768829346
2.401858329772949
2.3621768951416016
2.328047513961792
2.334676504135132
2.373638868331909
2.3365790843963623
2.4116554260253906
2.4164302349090576
2.339141607284546
2.349982500076294
2.4137516021728516
2.4022881984710693
2.303898811340332
2.309110164642334
2.446150541305542
2.393580675125122
2.3931097984313965
2.3330066204071045
2.36360502243042
2.3274171352386475
2.347461462020874
2.362830638885498
2.3603804111480713
2.3646538257598877
2.33699631690979
2.3852176666259766
2.385215997695923
2.378108263015747
2.390211343765259
2.4128007888793945
2.384664297103882
2.3732736110687256
2.342097043991089
2.3518176078796387
2.338125467300415
2.349242925643921
2.4057905673980713
2.4447739124298096
2.346438407897949
2.395236015319824
2.371575355529785
2.3771862983703613
2.344400644302368
2.2832322120666504
2.343395233154297
2.3416037559509277
2.2898268699645996
2.383997917175293
2.3045706748962402
2.378920316696167
2.355818271636963
2.385697603225708
2.3157479763031006
2.3482840061187744
2.4064557552337646
2.3688840866088867
2.377883195877075
2.3293356895446777
2.3406662940979004
2.3001978397369385
2.3289079666137695
2.3561179637908936
2.331254482269287
2.315758466720581
2.379570960998535
2.3160338401794434
2.3362796306610107
2.3228468894958496
2.3554847240448
2.3309402465820312
2.319186210632324
2.3523080348968506
2.3157880306243896
2.299898624420166
2.2719171047210693
2.3480191230773926
2.3655846118927
2.295474052429199
2.3219711780548096
2.3545081615448
2.2967379093170166
2.346404790878296
2.297969341278076
2.314652919769287
2.3543641567230225
2.296299457550049
2.3313326835632324
2.3351471424102783
2.2865328788757324
2.290588855743408
2.2487149238586426
2.3083789348602295
2.405864715576172
2.3344838619232178
2.3678877353668213
2.3706629276275635
2.3484411239624023
2.345782995223999
2.3236958980560303
2.3373830318450928
2.3354315757751465
2.3191964626312256
2.3136773109436035
2.3452439308166504
2.327101945877075
2.3056108951568604
2.353917360305786
2.333242416381836
2.3453571796417236
2.2881858348846436
2.295360565185547
2.3762903213500977
2.321882963180542
2.3199961185455322
2.320603370666504
2.3249173164367676
2.3368566036224365
2.360060453414917
2.3156495094299316
2.292379140853882
2.293442726135254
2.3148436546325684
2.352158308029175
2.3208673000335693
2.2854838371276855
2.3867313861846924
2.330369710922241
2.3172519207000732
2.3167309761047363
2.332705020904541
2.3065149784088135
2.345209836959839
2.291471481323242
2.351100206375122
2.2855050563812256
2.3375866413116455
2.3158934116363525
2.29677152633667
2.3024446964263916
2.3025171756744385
2.292349338531494
2.292696237564087
2.2642784118652344
2.254478931427002
2.2548716068267822
2.2694454193115234
2.2783775329589844
2.2546701431274414
2.3475756645202637
2.3467836380004883
2.2268571853637695
2.2790584564208984
2.3242335319519043
2.231782913208008
2.2737040519714355
2.3616621494293213
2.327897310256958
2.334120750427246
2.3263368606567383
2.3228888511657715
2.3289084434509277
2.318697929382324
2.3062896728515625
2.273812770843506
2.2582850456237793
2.295351982116699
2.3692102432250977
2.3172855377197266
2.2481651306152344
2.3387703895568848
2.313936948776245
2.2901077270507812
2.2732386589050293
2.2918777465820312
2.2990009784698486
2.30169677734375
2.281255006790161
2.264098882675171
2.2340190410614014
2.250680446624756
2.2466862201690674
2.323025703430176
2.2773516178131104
2.317967176437378
2.266754388809204
2.2768380641937256
2.1954867839813232
2.2592148780822754
2.2816834449768066
2.318436861038208
2.210070848464966
2.3156538009643555
2.264108419418335
2.2273879051208496
2.4006905555725098
2.255110263824463
2.272057056427002
2.2986786365509033
2.286980152130127
2.2488596439361572
2.2628839015960693
2.234083414077759
2.279292583465576
2.221855640411377
2.299830436706543
2.3296005725860596
2.2656891345977783
2.281770944595337
2.273052930831909
2.306781053543091
2.303443193435669
2.2766194343566895
2.298888683319092
2.283249855041504
2.305999279022217
2.231900691986084
2.286752700805664
2.235102891921997
2.272892713546753
2.273660898208618
2.222470283508301
2.2194271087646484
2.2913410663604736
2.2837209701538086
2.321598529815674
2.2465100288391113
2.241103172302246
2.26997447013855
2.321636199951172
2.2636048793792725
2.25931453704834
2.245572328567505
2.3003249168395996
2.2499659061431885
2.313124656677246
2.3972208499908447
2.264772415161133
2.2731149196624756
2.239677667617798
2.239870309829712
2.2876832485198975
2.2943575382232666
2.2930104732513428
2.2935662269592285
2.2277133464813232
2.202256441116333
2.2496039867401123
2.3194620609283447
2.234187602996826
2.2725331783294678
2.256957769393921
2.248598575592041
2.3355183601379395
2.2258877754211426
2.287327766418457
2.2273800373077393
2.2106385231018066
2.287170648574829
2.2366597652435303
2.270686388015747
2.197221279144287
2.2259247303009033
2.308109998703003
2.2763993740081787
2.247750997543335
2.2144367694854736
2.265504837036133
2.2487881183624268
2.2651491165161133
2.2312264442443848
2.278959035873413
2.220167636871338
2.2177441120147705
2.2443110942840576
2.2437920570373535
2.2589054107666016
2.223227024078369
2.2544641494750977
2.332078456878662
2.2072596549987793
2.2797963619232178
2.299860715866089
2.240569829940796
2.19783878326416
2.257265329360962
2.2493348121643066
2.205256223678589
2.206127166748047
2.256558418273926
2.203277826309204
2.256126880645752
2.258938789367676
2.2844133377075195
2.2486932277679443
2.2321128845214844
2.257706642150879
2.178076982498169
2.217817783355713
2.3216712474823
2.259850263595581
2.2040693759918213
2.2528748512268066
2.184722900390625
2.2527310848236084
2.204096555709839
2.2308785915374756
2.1810364723205566
2.2398033142089844
2.236607551574707
2.243718385696411
2.1872122287750244
2.212573766708374
2.192631959915161
2.221785068511963
2.2806363105773926
2.240713357925415
2.260167121887207
2.278637647628784
2.257368564605713
2.2373294830322266
2.2217609882354736
2.199338674545288
2.2896904945373535
2.205843210220337
2.216235637664795
2.204899787902832
2.2480833530426025
2.2428479194641113
2.2789502143859863
2.221428632736206
2.2447619438171387
2.2092103958129883
2.186979055404663
2.215681791305542
2.2008426189422607
2.1625750064849854
2.1944944858551025
2.2221667766571045
2.227630376815796
2.188807249069214
2.2345786094665527
2.2049756050109863
2.2573297023773193
2.18884539604187
2.316877841949463
2.2608275413513184
2.2204744815826416
2.2418951988220215
2.2408995628356934
2.17164945602417
2.222250461578369
2.1729729175567627
2.2176358699798584
2.236846685409546
2.231659412384033
2.2831642627716064
2.1344566345214844
2.219576358795166
2.2872185707092285
2.189389944076538
2.237868070602417
2.2863290309906006
2.235426664352417
2.2040836811065674
2.2620279788970947
2.226118803024292
2.193988561630249
2.2513983249664307
2.2286508083343506
2.231675624847412
2.195542573928833
2.2737085819244385
2.2038891315460205
2.244981050491333
2.1577444076538086
2.213195323944092
2.223707675933838
2.186944007873535
2.1873090267181396
2.172269105911255
2.169869899749756
2.204802989959717
2.195176839828491
2.1919844150543213
2.2427256107330322
2.1933538913726807
2.231584310531616
2.1936469078063965
2.2579092979431152
2.2357077598571777
2.214972496032715
2.1768555641174316
2.1853318214416504
2.165173292160034
2.1750447750091553
2.1780242919921875
2.1979806423187256
2.183772563934326
2.2000064849853516
2.1948537826538086
2.232370376586914
2.213841438293457
2.144261598587036
2.2343106269836426
2.2389681339263916
2.2387495040893555
2.213571310043335
2.249466896057129
2.2197389602661133
2.235563278198242
2.1868457794189453
2.144423007965088
2.1314964294433594
2.2198641300201416
2.1994411945343018
2.174093246459961
2.1366446018218994
2.2217297554016113
2.236551284790039
2.1925413608551025
2.2544262409210205
2.2201266288757324
2.2408769130706787
2.1947526931762695
2.2235000133514404
2.19899582862854
2.192443609237671
2.210845947265625
2.2190496921539307
2.1767375469207764
2.1725802421569824
2.176359176635742
2.1907291412353516
2.2131543159484863
2.1803743839263916
2.2282519340515137
2.1584811210632324
2.178461790084839
2.193803548812866
2.162550926208496
2.1236050128936768
2.2045178413391113
2.2296931743621826
2.1665971279144287
2.2107160091400146
2.1733837127685547
2.2333714962005615
2.1740243434906006
2.1978471279144287
2.205451250076294
2.1875975131988525
2.1489293575286865
2.1510977745056152
2.15075945854187
2.219111204147339
2.1838293075561523
2.2127840518951416
2.1309077739715576
2.146631956100464
2.227330207824707
2.184391736984253
2.1943368911743164
2.1911942958831787
2.1319515705108643
2.1660196781158447
2.1491191387176514
2.1729214191436768
2.163820266723633
2.186020612716675
2.211411714553833
2.156543731689453
2.183215379714966
2.171571969985962
2.198347568511963
2.1648645401000977
2.146353244781494
2.1792027950286865
2.136969804763794
2.1412832736968994
2.2245495319366455
2.182685613632202
2.1500611305236816
2.1840875148773193
2.124180316925049
2.0989015102386475
2.169785261154175
2.148850440979004
2.169781446456909
2.1217844486236572
2.104038953781128
2.1571602821350098
2.1609745025634766
2.190822124481201
2.172825336456299
2.1737215518951416
2.177654266357422
2.192422389984131
2.1684250831604004
2.152231454849243
2.1350317001342773
2.143975257873535
2.203744411468506
2.139549732208252
2.157916307449341
2.1445631980895996
2.1766676902770996
2.1198225021362305
2.1194188594818115
2.1753499507904053
2.0862228870391846
2.0930283069610596
2.162144660949707
2.08113169670105
2.170475482940674
2.0825886726379395
2.150122880935669
2.201390266418457
2.194470167160034
2.1461050510406494
2.172614336013794
2.178138256072998
2.1516480445861816
2.1435179710388184
2.0879054069519043
2.2076385021209717
2.2154247760772705
2.1979079246520996
2.1352007389068604
2.1424787044525146
2.154634714126587
2.1929287910461426
2.13725209236145
2.1054763793945312
2.137634515762329
2.1214828491210938
2.1312966346740723
2.097261905670166
2.1147806644439697
2.1404829025268555
2.1478822231292725
2.2003369331359863
2.0908925533294678
2.16314959526062
2.156630039215088
2.1041858196258545
2.1438796520233154
2.1420798301696777
2.1505324840545654
2.0945656299591064
2.1342861652374268
2.205299139022827
2.1520867347717285
2.166956901550293
2.16691517829895
2.1328237056732178
2.133681535720825
2.086961030960083
2.165099859237671
2.2063686847686768
2.1905107498168945
2.1849560737609863
2.1017746925354004
2.169869899749756
2.130399703979492
2.0944905281066895
2.086426258087158
2.179427146911621
2.111104726791382
2.1826367378234863
2.1061911582946777
2.122771978378296
2.1194913387298584
2.1280195713043213
2.164125680923462
2.132836103439331
2.1604106426239014
2.1162071228027344
2.1618728637695312
2.15443754196167
2.175436019897461
2.144150495529175
2.204116106033325
2.104238986968994
2.102163076400757
2.083038806915283
2.103407144546509
2.1036887168884277
2.1301209926605225
2.1271839141845703
2.1959331035614014
2.1059303283691406
2.1017394065856934
2.1471080780029297
2.2013700008392334
2.074369192123413
2.1294987201690674
2.1028170585632324
2.1681625843048096
2.0652010440826416
2.1261162757873535
2.176588773727417
2.1818833351135254
2.150907039642334
2.1173105239868164
2.161543846130371
2.070770740509033
2.160612106323242
2.1456551551818848
2.113459587097168
2.0358030796051025
2.1073780059814453
2.1354386806488037
2.101264715194702
2.1529407501220703
2.092400312423706
2.1513097286224365
2.093414783477783
2.056227445602417
2.1323585510253906
2.144949436187744
2.1597070693969727
2.1295251846313477
2.1964685916900635
2.1246492862701416
2.15620756149292
2.114048957824707
2.0953989028930664
2.102710723876953
2.067591428756714
2.1709532737731934
2.133571147918701
2.0655195713043213
2.1041219234466553
2.0286648273468018
2.0834834575653076
2.110537528991699
2.1459784507751465
2.1233253479003906
2.162226915359497
2.13922381401062
2.1299431324005127
2.127647638320923
2.10162615776062
2.1141481399536133
2.097337484359741
2.045876979827881
2.1008265018463135
2.109327554702759
2.118978261947632
2.122248411178589
2.137056827545166
2.1306116580963135
2.1170413494110107
2.097728729248047
2.1679580211639404
2.100191831588745
2.1232097148895264
2.066303253173828
2.150484323501587
2.10893177986145
2.063314199447632
2.1063449382781982
2.0485401153564453
2.082885503768921
2.143113136291504
2.163297176361084
2.124113082885742
2.1034095287323
2.0715510845184326
2.1395232677459717
2.0430381298065186
2.0395326614379883
2.08909010887146
2.097874641418457
2.0662057399749756
2.05476450920105
2.079887866973877
2.119774341583252
2.055284023284912
2.0434367656707764
2.054185152053833
2.1044857501983643
2.101262092590332
2.086015462875366
2.134510040283203
2.1091907024383545
2.114895820617676
2.112969160079956
2.076512336730957
2.091668128967285
2.064335584640503
2.1197240352630615
2.1220178604125977
2.081432580947876
2.1158716678619385
2.1408557891845703
2.091029167175293
2.097719192504883
2.085573673248291
2.0569260120391846
2.0937647819519043
2.068307638168335
2.09362530708313
2.0702390670776367
2.1162359714508057
2.101942777633667
2.1266322135925293
2.0788681507110596
2.0800600051879883
2.096808910369873
2.0391480922698975
2.124213933944702
2.1098804473876953
2.091407299041748
2.1066579818725586
2.0721685886383057
2.085045099258423
2.043095111846924
2.1555957794189453
2.1205081939697266
2.1182100772857666
2.153627395629883
2.0667293071746826
2.1017298698425293
2.1207470893859863
2.0960357189178467
2.0343852043151855
2.0944180488586426
2.0946578979492188
2.1155104637145996
2.165242910385132
2.129835367202759
2.0838959217071533
2.090736150741577
2.1184539794921875
2.097339153289795
2.054044485092163
2.098191261291504
2.056194543838501
2.0940487384796143
2.0651416778564453
2.1344995498657227
2.1324007511138916
2.0498945713043213
2.103506565093994
2.0910165309906006
2.016120195388794
2.0716755390167236
2.087437152862549
2.049128770828247
2.0605111122131348
2.1372952461242676
2.0504138469696045
2.0801515579223633
2.069347620010376
2.04530668258667
2.0231387615203857
2.0438897609710693
2.09892201423645
2.062675952911377
2.0347445011138916
2.0480949878692627
2.0477705001831055
2.0632989406585693
2.0189409255981445
2.006129026412964
2.059684991836548
2.134195327758789
2.046116352081299
2.0390193462371826
2.07525634765625
2.115013360977173
2.0301129817962646
2.087291717529297
2.0656206607818604
2.0715975761413574
2.0664491653442383
2.0679023265838623
2.114262819290161
2.0510218143463135
2.0095770359039307
2.0756208896636963
2.0434563159942627
2.080693244934082
2.0339651107788086
2.0593860149383545
2.047304630279541
2.0242249965667725
2.0693516731262207
2.0540006160736084
2.0879786014556885
2.028616189956665
2.002868413925171
2.0616655349731445
2.0666041374206543
2.090549945831299
2.0516886711120605
2.057725191116333
2.037508010864258
2.078275680541992
2.0661513805389404
2.0356364250183105
2.062976360321045
2.087794065475464
2.0745503902435303
2.0353598594665527
2.049326181411743
2.0740578174591064
2.032508611679077
2.1111555099487305
2.069640636444092
2.0741682052612305
2.043224811553955
2.076104164123535
2.0190412998199463
2.0562167167663574
2.1002771854400635
2.0484206676483154
2.0681424140930176
2.0811283588409424
2.0259084701538086
1.9994118213653564
2.057537317276001
2.046222448348999
2.0945117473602295
2.040717124938965
2.0745460987091064
2.101402759552002
2.0393593311309814
2.0257608890533447
2.0195281505584717
2.0232372283935547
2.0869743824005127
2.0653719902038574
2.0330302715301514
2.038771867752075
2.0568583011627197
2.04207181930542
2.024895429611206
2.0368759632110596
2.048523426055908
2.067302703857422
2.0827674865722656
2.0512027740478516
2.040921449661255
2.0494415760040283
2.0212478637695312
2.071354627609253
2.0028810501098633
2.0443313121795654
2.031453847885132
2.097734212875366
2.043731451034546
2.0544326305389404
2.0168232917785645
2.10550856590271
2.060209274291992
2.0178210735321045
2.065506935119629
2.0341546535491943
2.0222158432006836
2.040631055831909
2.0229485034942627
2.0486302375793457
2.041008710861206
2.0044515132904053
2.0520529747009277
2.037088394165039
2.0464067459106445
2.0278525352478027
2.0341145992279053
2.0102956295013428
2.0655345916748047
2.0156803131103516
2.095975875854492
2.043660879135132
2.0282375812530518
2.0349090099334717
2.0936803817749023
2.039036750793457
2.0340006351470947
2.0287201404571533
2.047945737838745
2.0687472820281982
2.041839599609375
2.0493948459625244
2.068110466003418
2.0052809715270996
2.05366587638855
2.067124128341675
2.0151760578155518
2.009910821914673
2.0374059677124023
2.009227752685547
2.0236265659332275
2.0868730545043945
1.9648696184158325
2.010944366455078
1.9986491203308105
1.999251127243042
2.0201916694641113
2.0083675384521484
2.0219218730926514
2.054696559906006
1.9924412965774536
1.995866060256958
2.0267579555511475
1.9920703172683716
2.0344228744506836
1.9924306869506836
2.035273790359497
1.9883856773376465
2.041703224182129
2.0530083179473877
1.9725899696350098
2.035088300704956
2.072181224822998
2.07653546333313
2.075059175491333
2.0479736328125
2.0229740142822266
2.0319204330444336
2.041074752807617
1.994376540184021
2.018289089202881
2.025233030319214
2.0251412391662598
2.049149751663208
1.9920910596847534
2.037925958633423
2.0233635902404785
1.9915344715118408
2.048855781555176
2.036677598953247
1.9980127811431885
1.982733130455017
2.0074169635772705
2.0345265865325928
2.0325260162353516
2.0196361541748047
2.006957530975342
2.055311679840088
2.047269582748413
2.006545066833496
1.9622540473937988
2.0394675731658936
1.9946789741516113
2.0336289405822754
2.0017409324645996
2.015145778656006
2.004394292831421
2.008052110671997
2.0168638229370117
1.9943132400512695
1.9771455526351929
2.0523970127105713
1.9847190380096436
1.9999123811721802
2.0122196674346924
2.0471713542938232
2.0282208919525146
1.9686728715896606
1.9970732927322388
1.996491551399231
1.9692127704620361
1.9969474077224731
1.988860845565796
1.9947662353515625
1.9669983386993408
1.9999686479568481
2.0561611652374268
2.0002689361572266
1.9919817447662354
1.9811954498291016
2.020806312561035
2.015134811401367
1.9892293214797974
1.9867982864379883
2.029167413711548
2.0198469161987305
2.0533409118652344
2.0315067768096924
2.010636568069458
1.9988964796066284
1.9814130067825317
1.9966942071914673
2.0058088302612305
2.0072643756866455
2.0396342277526855
2.0172276496887207
1.9629042148590088
1.9780268669128418
2.0346193313598633
1.9891036748886108
2.0233819484710693
1.991356372833252
1.9846371412277222
1.9911044836044312
1.9843133687973022
2.032759666442871
2.0274176597595215
1.9651739597320557
1.9633572101593018
2.0120460987091064
1.9872963428497314
2.044734477996826
2.0261993408203125
1.9660723209381104
2.001603364944458
2.005831480026245
2.023277521133423
2.0100221633911133
2.028864622116089
1.9934308528900146
2.016416549682617
1.9817273616790771
1.9676965475082397
1.9663949012756348
1.954744815826416
2.018770217895508
2.029806137084961
2.0216245651245117
2.030503034591675
1.996019721031189
2.004809856414795
2.032447576522827
2.01261568069458
2.0370516777038574
2.0315284729003906
1.9661184549331665
1.977938175201416
1.9960837364196777
1.9917620420455933
1.943150281906128
1.9895529747009277
1.9863431453704834
1.9252337217330933
1.9861769676208496
1.9908641576766968
1.964734673500061
1.9615063667297363
1.960052728652954
1.9838318824768066
1.9210669994354248
1.971427083015442
1.9623318910598755
2.018244981765747
1.9530460834503174
1.9882005453109741
1.9453319311141968
1.94580078125
1.978585124015808
1.9711575508117676
1.980845332145691
1.9970989227294922
1.9729759693145752
2.0064353942871094
1.9828819036483765
1.9426052570343018
1.9807475805282593
2.0062034130096436
1.9620281457901
2.0326714515686035
1.9623008966445923
2.003803014755249
1.9598286151885986
1.9834041595458984
1.9718058109283447
1.9682426452636719
2.0179572105407715
1.9732085466384888
1.9635332822799683
1.9695924520492554
2.000870943069458
1.9703142642974854
1.9725451469421387
1.9894933700561523
1.986083984375
1.9900619983673096
1.9603804349899292
1.9600307941436768
1.975482702255249
2.0113823413848877
1.9942562580108643
1.9452030658721924
1.911013126373291
1.943610668182373
2.030087947845459
1.9599874019622803
1.9437336921691895
1.9692111015319824
1.9413764476776123
1.98147451877594
1.952763557434082
1.9505783319473267
1.9544135332107544
1.9722260236740112
1.9399994611740112
1.918715000152588
1.9708223342895508
1.9153177738189697
1.9677283763885498
1.9387743473052979
1.9403716325759888
1.9694366455078125
1.9931527376174927
2.0296614170074463
1.9566216468811035
1.928808331489563
1.9528939723968506
2.0101776123046875
1.9662636518478394
1.9325507879257202
1.9327844381332397
1.9199591875076294
1.9475080966949463
1.9705822467803955
1.9769959449768066
1.934861421585083
1.92079496383667
1.9523330926895142
1.9406580924987793
1.9201838970184326
1.9537254571914673
1.9587990045547485
1.9795604944229126
1.975782036781311
1.9239104986190796
1.9683098793029785
1.9622689485549927
1.9053657054901123
1.924749493598938
1.9647996425628662
1.9229620695114136
1.9415205717086792
1.973315954208374
1.9198696613311768
1.929856777191162
1.921460509300232
1.9127103090286255
1.991719126701355
1.955328345298767
1.9293885231018066
1.9881175756454468
1.9258040189743042
1.953630805015564
1.9332997798919678
1.9965909719467163
1.9325309991836548
